8.321893692016601562e+00,7.021474838256835938e+00,2.874181985855102539e+00,7.211823940277099609e+00,3.139040231704711914e+00,8.049435615539550781e+00,5.017793178558349609e+00,8.160478591918945312e+00,1.201219654083251953e+01,8.865462303161621094e+00,1.023064804077148438e+01,1.120593643188476562e+01
8.763287544250488281e+00,6.991894721984863281e+00,3.239636421203613281e+00,7.449561595916748047e+00,2.267268180847167969e+00,6.987808227539062500e+00,4.896711349487304688e+00,8.448547363281250000e+00,1.110037803649902344e+01,8.795373916625976562e+00,9.727355003356933594e+00,1.109617424011230469e+01
8.918693542480468750e+00,7.031289100646972656e+00,3.262705564498901367e+00,7.641674041748046875e+00,2.056415557861328125e+00,6.487787246704101562e+00,4.393262863159179688e+00,9.130373954772949219e+00,1.198333549499511719e+01,8.723188400268554688e+00,9.836479187011718750e+00,1.089129066467285156e+01
8.847606658935546875e+00,7.280092716217041016e+00,3.325160264968872070e+00,7.320618152618408203e+00,3.045299291610717773e+00,7.935596466064453125e+00,5.767325401306152344e+00,8.383075714111328125e+00,1.101050376892089844e+01,9.115671157836914062e+00,9.946955680847167969e+00,1.119317054748535156e+01
8.380464553833007812e+00,7.254418849945068359e+00,3.096040010452270508e+00,7.721529960632324219e+00,3.910047292709350586e+00,7.853367805480957031e+00,6.462934017181396484e+00,8.333956718444824219e+00,1.164321517944335938e+01,9.647673606872558594e+00,1.067043781280517578e+01,1.185034561157226562e+01
8.531791687011718750e+00,7.071382045745849609e+00,3.175571203231811523e+00,7.750980377197265625e+00,3.290170907974243164e+00,7.319908142089843750e+00,5.367538452148437500e+00,8.265694618225097656e+00,1.187425422668457031e+01,9.420801162719726562e+00,1.045029926300048828e+01,1.143232822418212891e+01
8.680900573730468750e+00,7.014708518981933594e+00,2.698743343353271484e+00,7.094204902648925781e+00,2.415941953659057617e+00,6.396640777587890625e+00,4.080940246582031250e+00,8.315708160400390625e+00,1.146674728393554688e+01,8.522163391113281250e+00,9.746027946472167969e+00,1.073617649078369141e+01
8.517849922180175781e+00,7.562391281127929688e+00,2.881686449050903320e+00,8.003629684448242188e+00,3.786075830459594727e+00,7.769833564758300781e+00,6.559307098388671875e+00,8.329427719116210938e+00,1.183699989318847656e+01,9.670974731445312500e+00,1.108157444000244141e+01,1.198277854919433594e+01
8.920462608337402344e+00,6.849114418029785156e+00,3.356164693832397461e+00,7.859231948852539062e+00,2.084775447845458984e+00,6.278134346008300781e+00,4.446025848388671875e+00,9.061243057250976562e+00,1.203965187072753906e+01,9.024486541748046875e+00,9.890242576599121094e+00,1.111419105529785156e+01
9.034187316894531250e+00,7.208327770233154297e+00,3.983668565750122070e+00,7.188355922698974609e+00,2.635170698165893555e+00,6.781600952148437500e+00,5.561106681823730469e+00,8.656767845153808594e+00,1.097046661376953125e+01,8.776659965515136719e+00,9.720088005065917969e+00,1.099695491790771484e+01
9.317219734191894531e+00,7.784058570861816406e+00,2.299190998077392578e+00,8.006367683410644531e+00,4.453077316284179688e+00,8.101456642150878906e+00,6.780926704406738281e+00,1.018834209442138672e+01,1.274337196350097656e+01,9.409326553344726562e+00,1.039289379119873047e+01,1.117523765563964844e+01
8.975269317626953125e+00,7.578180313110351562e+00,2.669433832168579102e+00,8.131484031677246094e+00,4.573638916015625000e+00,8.073973655700683594e+00,6.876535415649414062e+00,9.857313156127929688e+00,1.250319671630859375e+01,9.588708877563476562e+00,1.046585941314697266e+01,1.130066108703613281e+01
9.270531654357910156e+00,7.655961513519287109e+00,2.426524400711059570e+00,8.057210922241210938e+00,4.404193878173828125e+00,8.135511398315429688e+00,6.782294273376464844e+00,1.023764514923095703e+01,1.265881347656250000e+01,9.520709037780761719e+00,1.043960094451904297e+01,1.119980716705322266e+01
9.229116439819335938e+00,8.192841529846191406e+00,2.178242921829223633e+00,7.888279914855957031e+00,4.624586105346679688e+00,8.275390625000000000e+00,6.908862113952636719e+00,1.019679260253906250e+01,1.286461639404296875e+01,9.355775833129882812e+00,1.051695346832275391e+01,1.128103256225585938e+01
9.394375801086425781e+00,8.176980972290039062e+00,2.085303306579589844e+00,7.898227214813232422e+00,4.772013664245605469e+00,8.039618492126464844e+00,7.189874649047851562e+00,1.030419826507568359e+01,1.286675071716308594e+01,9.429208755493164062e+00,1.058286190032958984e+01,1.137968158721923828e+01
9.284305572509765625e+00,8.337483406066894531e+00,2.176524639129638672e+00,7.935566902160644531e+00,4.869329452514648438e+00,7.883293151855468750e+00,7.173083305358886719e+00,1.015683460235595703e+01,1.281541442871093750e+01,9.409564971923828125e+00,1.060774230957031250e+01,1.147082805633544922e+01
9.255673408508300781e+00,8.351431846618652344e+00,2.571870803833007812e+00,7.675778388977050781e+00,4.137324333190917969e+00,7.541632652282714844e+00,6.241199493408203125e+00,9.854131698608398438e+00,1.260264015197753906e+01,9.117432594299316406e+00,1.025096225738525391e+01,1.110536670684814453e+01
9.287137985229492188e+00,8.350769042968750000e+00,2.229240179061889648e+00,7.904138565063476562e+00,4.836065292358398438e+00,7.751063346862792969e+00,7.133044719696044922e+00,1.005268001556396484e+01,1.281209182739257812e+01,9.377175331115722656e+00,1.050047016143798828e+01,1.137963485717773438e+01
9.303936004638671875e+00,7.992762565612792969e+00,2.287682533264160156e+00,7.783443450927734375e+00,4.153175830841064453e+00,7.616091728210449219e+00,6.530538082122802734e+00,9.927195549011230469e+00,1.266609287261962891e+01,9.220499992370605469e+00,1.029730701446533203e+01,1.105767345428466797e+01
9.251264572143554688e+00,8.419434547424316406e+00,2.181733608245849609e+00,7.939639568328857422e+00,5.011237144470214844e+00,7.965547561645507812e+00,7.364903450012207031e+00,1.006195545196533203e+01,1.288937568664550781e+01,9.440522193908691406e+00,1.059839916229248047e+01,1.144894981384277344e+01
9.651860237121582031e+00,7.575629234313964844e+00,3.023585319519042969e+00,7.425981044769287109e+00,3.510561466217041016e+00,7.000549316406250000e+00,6.009055614471435547e+00,8.807889938354492188e+00,1.288439750671386719e+01,9.213432312011718750e+00,1.019180583953857422e+01,1.147806453704833984e+01
1.007634735107421875e+01,7.285872459411621094e+00,3.045933961868286133e+00,7.192229747772216797e+00,3.381531953811645508e+00,6.991806030273437500e+00,6.057327747344970703e+00,8.661697387695312500e+00,1.288266944885253906e+01,9.095040321350097656e+00,9.954262733459472656e+00,1.102046012878417969e+01
1.001429939270019531e+01,7.624279499053955078e+00,3.197647809982299805e+00,7.100514888763427734e+00,2.747773647308349609e+00,6.635488510131835938e+00,5.588065147399902344e+00,8.908799171447753906e+00,1.262376689910888672e+01,8.984666824340820312e+00,9.914765357971191406e+00,1.085730743408203125e+01
9.612488746643066406e+00,7.386866569519042969e+00,2.889002084732055664e+00,7.034517765045166016e+00,2.624961137771606445e+00,6.503081321716308594e+00,4.805904865264892578e+00,8.636463165283203125e+00,1.245930385589599609e+01,8.831654548645019531e+00,1.000338649749755859e+01,1.116204452514648438e+01
9.553472518920898438e+00,7.847567558288574219e+00,3.031085252761840820e+00,7.019789218902587891e+00,2.862091302871704102e+00,6.457093238830566406e+00,4.909525394439697266e+00,8.498678207397460938e+00,1.250299072265625000e+01,9.240891456604003906e+00,1.046209239959716797e+01,1.159533500671386719e+01
9.553919792175292969e+00,7.801086425781250000e+00,3.077466726303100586e+00,7.065628528594970703e+00,2.928297042846679688e+00,6.445892333984375000e+00,5.332018852233886719e+00,8.983157157897949219e+00,1.263693904876708984e+01,9.148372650146484375e+00,1.034548282623291016e+01,1.142688179016113281e+01
9.609844207763671875e+00,6.916584968566894531e+00,3.306141853332519531e+00,6.648591518402099609e+00,2.722883939743041992e+00,6.173268318176269531e+00,4.825191497802734375e+00,7.992908477783203125e+00,1.221839618682861328e+01,8.837735176086425781e+00,9.796501159667968750e+00,1.077328681945800781e+01
9.826017379760742188e+00,7.825455188751220703e+00,3.124941587448120117e+00,6.874196052551269531e+00,2.884570837020874023e+00,6.489311218261718750e+00,5.055217742919921875e+00,8.531192779541015625e+00,1.247792625427246094e+01,8.950328826904296875e+00,1.014516830444335938e+01,1.110895729064941406e+01
9.468089103698730469e+00,7.615508556365966797e+00,3.320523977279663086e+00,7.014781475067138672e+00,2.878148078918457031e+00,6.360074043273925781e+00,4.948236942291259766e+00,8.954929351806640625e+00,1.232572746276855469e+01,8.985640525817871094e+00,1.011652088165283203e+01,1.124397754669189453e+01
9.850521087646484375e+00,7.567457199096679688e+00,3.135039567947387695e+00,6.565917015075683594e+00,2.643531799316406250e+00,6.267410278320312500e+00,4.924549102783203125e+00,8.421695709228515625e+00,1.247383785247802734e+01,9.005549430847167969e+00,9.982710838317871094e+00,1.088053226470947266e+01
8.571104049682617188e+00,7.748624801635742188e+00,3.365489721298217773e+00,7.081054687500000000e+00,4.253166198730468750e+00,1.058694839477539062e+01,6.579886436462402344e+00,1.017965126037597656e+01,1.256079101562500000e+01,9.168005943298339844e+00,9.906646728515625000e+00,1.133090686798095703e+01
8.402974128723144531e+00,7.724404335021972656e+00,3.177792310714721680e+00,6.885095119476318359e+00,4.271831989288330078e+00,1.091903400421142578e+01,6.088916778564453125e+00,1.007386207580566406e+01,1.236869907379150391e+01,9.242272377014160156e+00,1.007853794097900391e+01,1.124316978454589844e+01
8.792540550231933594e+00,7.855024337768554688e+00,3.665574550628662109e+00,7.347724914550781250e+00,4.273198127746582031e+00,1.086221694946289062e+01,5.962174892425537109e+00,1.023725032806396484e+01,1.244314002990722656e+01,9.401554107666015625e+00,9.910679817199707031e+00,1.145630455017089844e+01
9.400376319885253906e+00,6.945295333862304688e+00,3.112552881240844727e+00,6.741264820098876953e+00,3.110152244567871094e+00,7.214972496032714844e+00,5.031998157501220703e+00,9.763007164001464844e+00,1.169848632812500000e+01,9.545152664184570312e+00,1.040405845642089844e+01,1.131820106506347656e+01
8.908273696899414062e+00,6.934239387512207031e+00,2.955063104629516602e+00,5.757712841033935547e+00,2.750648021697998047e+00,7.813880920410156250e+00,4.120229721069335938e+00,8.752998352050781250e+00,1.118203926086425781e+01,8.452941894531250000e+00,9.527934074401855469e+00,1.090161991119384766e+01
1.109856319427490234e+01,8.199422836303710938e+00,4.854586601257324219e+00,7.212055206298828125e+00,2.759703159332275391e+00,6.925179481506347656e+00,6.498860359191894531e+00,8.534077644348144531e+00,1.272200298309326172e+01,9.815488815307617188e+00,1.018660259246826172e+01,1.061511039733886719e+01
8.971215248107910156e+00,7.149445056915283203e+00,3.244992733001708984e+00,6.629152774810791016e+00,2.728606700897216797e+00,6.522230148315429688e+00,6.093288421630859375e+00,8.979158401489257812e+00,1.236312484741210938e+01,8.960791587829589844e+00,1.007961463928222656e+01,1.136413192749023438e+01
8.706666946411132812e+00,7.185121536254882812e+00,2.935625791549682617e+00,5.648972988128662109e+00,3.041179656982421875e+00,6.723336219787597656e+00,4.419049739837646484e+00,9.126570701599121094e+00,1.071517944335937500e+01,8.288625717163085938e+00,9.604726791381835938e+00,1.117308902740478516e+01
8.577289581298828125e+00,7.149886131286621094e+00,2.664719104766845703e+00,5.965378284454345703e+00,3.398695230484008789e+00,6.595603942871093750e+00,4.911543846130371094e+00,8.813275337219238281e+00,1.126461601257324219e+01,8.466103553771972656e+00,9.995602607727050781e+00,1.135762405395507812e+01
8.573996543884277344e+00,7.091871738433837891e+00,2.645197153091430664e+00,5.804586887359619141e+00,3.077730655670166016e+00,6.507698059082031250e+00,4.890902519226074219e+00,8.640683174133300781e+00,1.155132675170898438e+01,8.219634056091308594e+00,9.658181190490722656e+00,1.102806091308593750e+01
1.145070838928222656e+01,8.916234970092773438e+00,5.826158046722412109e+00,7.197261333465576172e+00,2.862591981887817383e+00,6.370483398437500000e+00,6.183661460876464844e+00,8.441989898681640625e+00,1.257100486755371094e+01,1.003107643127441406e+01,1.053176498413085938e+01,1.082838821411132812e+01
1.157938766479492188e+01,8.867910385131835938e+00,5.711816310882568359e+00,7.117053985595703125e+00,2.836351156234741211e+00,6.338120460510253906e+00,6.065722465515136719e+00,8.350160598754882812e+00,1.250696945190429688e+01,1.005792236328125000e+01,1.055521392822265625e+01,1.078972816467285156e+01
1.146190452575683594e+01,8.802720069885253906e+00,5.338897705078125000e+00,7.309851646423339844e+00,2.914639472961425781e+00,6.312520027160644531e+00,6.299798965454101562e+00,8.787979125976562500e+00,1.254514884948730469e+01,1.003703689575195312e+01,1.063912868499755859e+01,1.105084037780761719e+01
1.123320674896240234e+01,8.751002311706542969e+00,5.311142444610595703e+00,7.426474094390869141e+00,2.914901733398437500e+00,6.413084983825683594e+00,6.551873207092285156e+00,8.847680091857910156e+00,1.255697345733642578e+01,9.961265563964843750e+00,1.058313560485839844e+01,1.104520988464355469e+01
1.125704383850097656e+01,8.667946815490722656e+00,5.354561805725097656e+00,7.282303333282470703e+00,2.992303848266601562e+00,6.497233390808105469e+00,6.322728157043457031e+00,8.719987869262695312e+00,1.240651321411132812e+01,9.918414115905761719e+00,1.057828998565673828e+01,1.113583278656005859e+01
1.071641731262207031e+01,8.150527954101562500e+00,4.683153629302978516e+00,6.679675102233886719e+00,2.698252916336059570e+00,6.569058418273925781e+00,5.305774688720703125e+00,9.193268775939941406e+00,1.161766242980957031e+01,9.503038406372070312e+00,1.023265361785888672e+01,1.103737449645996094e+01
1.161713027954101562e+01,8.824021339416503906e+00,5.808672428131103516e+00,7.137334346771240234e+00,2.848693132400512695e+00,6.386270523071289062e+00,6.025613307952880859e+00,8.536016464233398438e+00,1.242597389221191406e+01,1.009581184387207031e+01,1.054083156585693359e+01,1.086365985870361328e+01
1.132321834564208984e+01,8.556619644165039062e+00,5.356415748596191406e+00,7.241129875183105469e+00,2.927520990371704102e+00,6.614795684814453125e+00,6.286767482757568359e+00,8.872013092041015625e+00,1.240381240844726562e+01,1.003287506103515625e+01,1.061871433258056641e+01,1.103275394439697266e+01
8.946037292480468750e+00,7.660139560699462891e+00,2.555089712142944336e+00,5.098795890808105469e+00,3.376093626022338867e+00,6.342094421386718750e+00,4.665737152099609375e+00,8.700264930725097656e+00,1.047109985351562500e+01,7.489648818969726562e+00,9.178736686706542969e+00,1.093717956542968750e+01
1.154177379608154297e+01,8.649375915527343750e+00,5.699332237243652344e+00,7.205856800079345703e+00,2.871564626693725586e+00,6.426188468933105469e+00,6.129518508911132812e+00,8.660430908203125000e+00,1.236039924621582031e+01,1.008441162109375000e+01,1.056194877624511719e+01,1.087443256378173828e+01
9.330146789550781250e+00,8.854533195495605469e+00,3.823443174362182617e+00,7.663453102111816406e+00,3.952534198760986328e+00,9.184635162353515625e+00,8.299765586853027344e+00,1.015754222869873047e+01,1.263953876495361328e+01,9.364819526672363281e+00,1.009850215911865234e+01,1.199089050292968750e+01
9.295963287353515625e+00,8.711283683776855469e+00,3.695369005203247070e+00,7.822597503662109375e+00,4.124448776245117188e+00,9.538669586181640625e+00,8.372958183288574219e+00,1.019186210632324219e+01,1.248396205902099609e+01,9.477434158325195312e+00,9.937952041625976562e+00,1.176446342468261719e+01
9.704950332641601562e+00,8.694921493530273438e+00,4.567420482635498047e+00,7.928386211395263672e+00,3.718679904937744141e+00,9.037933349609375000e+00,8.317636489868164062e+00,9.651072502136230469e+00,1.229510116577148438e+01,9.332542419433593750e+00,9.933817863464355469e+00,1.149844551086425781e+01
9.586809158325195312e+00,8.117187500000000000e+00,4.252898216247558594e+00,7.852832317352294922e+00,3.433851957321166992e+00,8.852550506591796875e+00,7.697011947631835938e+00,9.072586059570312500e+00,1.192718887329101562e+01,9.439648628234863281e+00,9.581845283508300781e+00,1.128128242492675781e+01
9.594920158386230469e+00,8.476045608520507812e+00,3.733361482620239258e+00,7.956610202789306641e+00,3.634189367294311523e+00,9.120285987854003906e+00,8.050732612609863281e+00,9.202860832214355469e+00,1.227494335174560547e+01,9.335393905639648438e+00,9.915310859680175781e+00,1.131360816955566406e+01
9.828696250915527344e+00,8.762430191040039062e+00,4.738501071929931641e+00,7.869071483612060547e+00,3.586598396301269531e+00,8.924103736877441406e+00,8.465327262878417969e+00,9.569299697875976562e+00,1.229571533203125000e+01,9.311425209045410156e+00,9.951913833618164062e+00,1.157859039306640625e+01
9.738136291503906250e+00,8.506501197814941406e+00,4.611842632293701172e+00,7.987210273742675781e+00,3.671614408493041992e+00,8.850526809692382812e+00,8.078148841857910156e+00,9.330974578857421875e+00,1.211534309387207031e+01,9.393791198730468750e+00,9.778630256652832031e+00,1.135866260528564453e+01
9.839817047119140625e+00,8.371009826660156250e+00,4.706543445587158203e+00,8.093173980712890625e+00,3.740714550018310547e+00,8.762495994567871094e+00,8.145133972167968750e+00,8.975502967834472656e+00,1.194399929046630859e+01,9.413736343383789062e+00,9.801217079162597656e+00,1.136032962799072266e+01
9.923537254333496094e+00,8.518150329589843750e+00,4.925631999969482422e+00,7.902820587158203125e+00,3.569381475448608398e+00,8.967338562011718750e+00,8.367800712585449219e+00,9.205337524414062500e+00,1.208162117004394531e+01,9.337802886962890625e+00,9.887314796447753906e+00,1.144924163818359375e+01
9.883842468261718750e+00,8.312804222106933594e+00,4.446542739868164062e+00,8.214049339294433594e+00,3.528470277786254883e+00,8.342468261718750000e+00,8.444297790527343750e+00,8.790717124938964844e+00,1.212042808532714844e+01,9.291839599609375000e+00,9.690595626831054688e+00,1.138581275939941406e+01
9.176072120666503906e+00,8.833926200866699219e+00,4.390980243682861328e+00,7.839590072631835938e+00,4.512180328369140625e+00,1.081313133239746094e+01,8.120008468627929688e+00,1.090070915222167969e+01,1.274162483215332031e+01,9.791673660278320312e+00,1.060449314117431641e+01,1.227738666534423828e+01
9.305640220642089844e+00,8.940892219543457031e+00,4.228898525238037109e+00,7.727819919586181641e+00,4.188804626464843750e+00,9.478199958801269531e+00,8.309398651123046875e+00,9.917826652526855469e+00,1.243992614746093750e+01,9.556026458740234375e+00,1.040851593017578125e+01,1.209089565277099609e+01
9.084657669067382812e+00,8.340558052062988281e+00,4.291660308837890625e+00,7.755009174346923828e+00,4.013021469116210938e+00,1.015126037597656250e+01,7.572866439819335938e+00,9.675359725952148438e+00,1.229266738891601562e+01,9.740479469299316406e+00,1.029761219024658203e+01,1.211030387878417969e+01
9.114569664001464844e+00,8.037388801574707031e+00,3.299879312515258789e+00,7.982051372528076172e+00,4.136215209960937500e+00,1.017482757568359375e+01,8.061713218688964844e+00,9.164107322692871094e+00,1.216052055358886719e+01,9.599637031555175781e+00,9.708233833312988281e+00,1.137868690490722656e+01
9.393095016479492188e+00,8.098649024963378906e+00,3.962280511856079102e+00,7.880181312561035156e+00,4.240903854370117188e+00,1.024810886383056641e+01,8.453986167907714844e+00,9.234581947326660156e+00,1.202905178070068359e+01,9.633900642395019531e+00,9.730170249938964844e+00,1.152719116210937500e+01
9.432842254638671875e+00,8.147922515869140625e+00,3.173167943954467773e+00,8.282907485961914062e+00,4.166721820831298828e+00,9.278679847717285156e+00,7.926004409790039062e+00,8.927557945251464844e+00,1.220300006866455078e+01,9.699923515319824219e+00,9.652318954467773438e+00,1.107448959350585938e+01
9.640467643737792969e+00,7.953140735626220703e+00,3.328898668289184570e+00,8.416658401489257812e+00,4.819535255432128906e+00,9.465713500976562500e+00,8.682727813720703125e+00,8.956861495971679688e+00,1.240274238586425781e+01,9.470649719238281250e+00,9.591738700866699219e+00,1.103746795654296875e+01
9.761394500732421875e+00,8.075813293457031250e+00,3.197141647338867188e+00,8.241337776184082031e+00,4.455226898193359375e+00,9.255988121032714844e+00,8.669503211975097656e+00,8.631100654602050781e+00,1.246257400512695312e+01,9.157121658325195312e+00,9.487022399902343750e+00,1.086094760894775391e+01
9.733881950378417969e+00,8.380882263183593750e+00,5.344944477081298828e+00,7.663056850433349609e+00,3.789339542388916016e+00,8.970541954040527344e+00,7.839355468750000000e+00,9.168885231018066406e+00,1.165050888061523438e+01,9.643875122070312500e+00,9.991593360900878906e+00,1.189299201965332031e+01
9.489543914794921875e+00,7.799855232238769531e+00,3.992819786071777344e+00,8.133440971374511719e+00,4.377596855163574219e+00,9.759572029113769531e+00,8.526679992675781250e+00,9.068133354187011719e+00,1.202185821533203125e+01,9.654973030090332031e+00,9.666644096374511719e+00,1.142475318908691406e+01
9.040931701660156250e+00,7.223346710205078125e+00,3.223328113555908203e+00,8.694980621337890625e+00,3.668402433395385742e+00,7.308197021484375000e+00,4.770974159240722656e+00,7.936052799224853516e+00,1.272764205932617188e+01,9.450935363769531250e+00,9.791888236999511719e+00,1.137116241455078125e+01
8.751340866088867188e+00,6.732277393341064453e+00,2.941797256469726562e+00,7.832262516021728516e+00,2.911268949508666992e+00,7.798142433166503906e+00,5.618768692016601562e+00,8.039047241210937500e+00,1.164298057556152344e+01,9.200056076049804688e+00,9.526949882507324219e+00,1.111721420288085938e+01
9.588073730468750000e+00,8.125772476196289062e+00,3.683622121810913086e+00,8.106009483337402344e+00,3.212167024612426758e+00,7.531296730041503906e+00,8.259829521179199219e+00,8.431194305419921875e+00,1.278558921813964844e+01,9.595714569091796875e+00,9.804461479187011719e+00,1.115413379669189453e+01
8.658603668212890625e+00,6.995996475219726562e+00,2.828966856002807617e+00,8.496532440185546875e+00,3.415087461471557617e+00,7.156663894653320312e+00,5.482562065124511719e+00,8.035074234008789062e+00,1.193878746032714844e+01,9.690990447998046875e+00,9.997883796691894531e+00,1.150180149078369141e+01
9.543346405029296875e+00,8.329501152038574219e+00,3.790696859359741211e+00,8.136071205139160156e+00,3.060299396514892578e+00,7.516485214233398438e+00,7.907101631164550781e+00,8.626625061035156250e+00,1.262104606628417969e+01,9.521661758422851562e+00,9.891371726989746094e+00,1.127287292480468750e+01
9.460210800170898438e+00,8.147422790527343750e+00,3.659506559371948242e+00,8.089913368225097656e+00,3.025766372680664062e+00,7.677532196044921875e+00,7.941447257995605469e+00,8.335242271423339844e+00,1.255600643157958984e+01,9.456327438354492188e+00,9.846398353576660156e+00,1.128687477111816406e+01
9.735136032104492188e+00,8.640318870544433594e+00,4.189096450805664062e+00,8.134513854980468750e+00,3.126545429229736328e+00,7.543978691101074219e+00,8.017699241638183594e+00,9.140419960021972656e+00,1.279171371459960938e+01,9.355879783630371094e+00,9.848864555358886719e+00,1.115108013153076172e+01
9.650547027587890625e+00,8.370425224304199219e+00,4.238873481750488281e+00,8.038521766662597656e+00,3.067040443420410156e+00,7.645315170288085938e+00,7.555967807769775391e+00,8.947694778442382812e+00,1.234457778930664062e+01,9.193455696105957031e+00,9.727324485778808594e+00,1.107000923156738281e+01
9.534574508666992188e+00,8.528326988220214844e+00,3.590628623962402344e+00,7.993662357330322266e+00,2.931824207305908203e+00,7.639344215393066406e+00,7.855591297149658203e+00,8.952939033508300781e+00,1.254973983764648438e+01,9.209151268005371094e+00,9.753411293029785156e+00,1.114260673522949219e+01
9.447235107421875000e+00,8.296984672546386719e+00,3.954299926757812500e+00,8.195998191833496094e+00,3.448330402374267578e+00,7.989512443542480469e+00,7.785780906677246094e+00,8.740624427795410156e+00,1.237034797668457031e+01,9.676141738891601562e+00,9.953969001770019531e+00,1.131267261505126953e+01
9.445698738098144531e+00,6.915737152099609375e+00,3.282897949218750000e+00,8.488842964172363281e+00,5.029401779174804688e+00,8.835651397705078125e+00,7.041921138763427734e+00,7.787526130676269531e+00,1.307758522033691406e+01,1.016449165344238281e+01,1.065515995025634766e+01,1.204795074462890625e+01
8.850304603576660156e+00,7.352221488952636719e+00,3.265224695205688477e+00,7.434676170349121094e+00,4.599740028381347656e+00,9.660615921020507812e+00,6.028370380401611328e+00,9.391858100891113281e+00,1.237213134765625000e+01,9.404287338256835938e+00,9.957234382629394531e+00,1.146292686462402344e+01
9.189166069030761719e+00,7.097506523132324219e+00,3.245218753814697266e+00,8.569976806640625000e+00,5.334359169006347656e+00,1.149196052551269531e+01,8.216426849365234375e+00,1.039424610137939453e+01,1.314805316925048828e+01,1.035984039306640625e+01,1.124761867523193359e+01,1.244634532928466797e+01
8.933218002319335938e+00,7.603408813476562500e+00,3.308422565460205078e+00,8.637893676757812500e+00,5.395358085632324219e+00,1.168480300903320312e+01,8.269895553588867188e+00,9.727745056152343750e+00,1.356938934326171875e+01,1.021592426300048828e+01,1.115638828277587891e+01,1.273060226440429688e+01
9.048553466796875000e+00,6.876271247863769531e+00,3.406428575515747070e+00,8.703207969665527344e+00,5.327828407287597656e+00,1.133048629760742188e+01,7.788857460021972656e+00,9.499128341674804688e+00,1.300110626220703125e+01,1.046074008941650391e+01,1.083407402038574219e+01,1.242055988311767578e+01
9.127539634704589844e+00,7.241957187652587891e+00,3.331838130950927734e+00,8.673016548156738281e+00,5.398632049560546875e+00,1.132455062866210938e+01,8.088141441345214844e+00,9.777412414550781250e+00,1.343992042541503906e+01,1.031668281555175781e+01,1.121428203582763672e+01,1.260484886169433594e+01
9.085225105285644531e+00,7.513372421264648438e+00,3.804455995559692383e+00,7.864531040191650391e+00,4.703117370605468750e+00,1.101291751861572266e+01,7.503521919250488281e+00,1.007870197296142578e+01,1.266111850738525391e+01,9.980868339538574219e+00,1.038766670227050781e+01,1.205586242675781250e+01
9.011108398437500000e+00,6.990992546081542969e+00,3.372439384460449219e+00,8.693809509277343750e+00,5.376089096069335938e+00,1.134914493560791016e+01,7.969443321228027344e+00,1.018336582183837891e+01,1.306221199035644531e+01,1.045169639587402344e+01,1.107960605621337891e+01,1.241248703002929688e+01
8.665288925170898438e+00,7.362280368804931641e+00,3.284156084060668945e+00,7.905283927917480469e+00,4.684857368469238281e+00,1.062928295135498047e+01,6.488632202148437500e+00,1.049216556549072266e+01,1.260213470458984375e+01,9.772039413452148438e+00,1.018727016448974609e+01,1.169948005676269531e+01
9.247352600097656250e+00,7.592529296875000000e+00,4.364063262939453125e+00,6.537463665008544922e+00,3.207942724227905273e+00,1.039965438842773438e+01,5.880330085754394531e+00,9.764927864074707031e+00,1.173401641845703125e+01,8.843432426452636719e+00,9.511702537536621094e+00,1.076483821868896484e+01
8.500566482543945312e+00,7.401231765747070312e+00,3.302203416824340820e+00,7.054346561431884766e+00,5.435978889465332031e+00,7.404280662536621094e+00,5.621249675750732422e+00,9.996910095214843750e+00,1.230136394500732422e+01,8.779872894287109375e+00,1.014823818206787109e+01,1.118248176574707031e+01
8.460839271545410156e+00,7.367846488952636719e+00,3.148149967193603516e+00,7.149924278259277344e+00,5.191408157348632812e+00,7.311791419982910156e+00,5.517602920532226562e+00,9.780495643615722656e+00,1.241810131072998047e+01,8.886555671691894531e+00,1.009055423736572266e+01,1.097638893127441406e+01
8.541193008422851562e+00,7.606122016906738281e+00,3.327363252639770508e+00,6.885357379913330078e+00,5.236618995666503906e+00,7.167357444763183594e+00,5.305280685424804688e+00,1.001526260375976562e+01,1.224122428894042969e+01,8.605772972106933594e+00,1.005855274200439453e+01,1.113249588012695312e+01
8.583871841430664062e+00,7.743374824523925781e+00,3.318881750106811523e+00,7.376166820526123047e+00,5.223950386047363281e+00,8.355946540832519531e+00,6.360899448394775391e+00,1.037235260009765625e+01,1.242763710021972656e+01,9.125801086425781250e+00,1.036268329620361328e+01,1.136819553375244141e+01
8.672747611999511719e+00,7.893244743347167969e+00,3.154082298278808594e+00,7.410878181457519531e+00,5.289772987365722656e+00,8.338237762451171875e+00,6.656156539916992188e+00,1.063977813720703125e+01,1.234986114501953125e+01,9.249267578125000000e+00,1.019047832489013672e+01,1.137194824218750000e+01
8.574862480163574219e+00,7.378529071807861328e+00,3.354778766632080078e+00,7.124024391174316406e+00,4.757396697998046875e+00,6.881262779235839844e+00,5.349422454833984375e+00,1.036652469635009766e+01,1.223162460327148438e+01,8.906049728393554688e+00,1.021461009979248047e+01,1.123060607910156250e+01
8.506700515747070312e+00,7.426299571990966797e+00,3.086138486862182617e+00,7.229468822479248047e+00,5.448011398315429688e+00,7.955265998840332031e+00,5.787964820861816406e+00,1.039910602569580078e+01,1.246975421905517578e+01,9.032476425170898438e+00,1.058539295196533203e+01,1.140491008758544922e+01
8.753580093383789062e+00,7.683521270751953125e+00,3.220141172409057617e+00,7.074895381927490234e+00,5.280590057373046875e+00,7.132490158081054688e+00,5.437217712402343750e+00,1.027746486663818359e+01,1.253559112548828125e+01,8.824151039123535156e+00,1.048573970794677734e+01,1.136229228973388672e+01
8.703435897827148438e+00,7.674547672271728516e+00,3.495800256729125977e+00,7.302348613739013672e+00,5.339232444763183594e+00,7.086208343505859375e+00,5.959690093994140625e+00,1.010113525390625000e+01,1.256288146972656250e+01,9.033389091491699219e+00,1.027037239074707031e+01,1.132780838012695312e+01
8.651915550231933594e+00,7.905849933624267578e+00,3.499928712844848633e+00,7.652690410614013672e+00,5.541604042053222656e+00,9.198114395141601562e+00,6.755980491638183594e+00,1.068709564208984375e+01,1.279932212829589844e+01,9.356374740600585938e+00,1.040313243865966797e+01,1.151032066345214844e+01
9.365358352661132812e+00,8.329095840454101562e+00,4.507278442382812500e+00,7.059506893157958984e+00,4.018383026123046875e+00,6.588068008422851562e+00,5.831891059875488281e+00,1.021597194671630859e+01,1.269193077087402344e+01,8.675648689270019531e+00,1.063894081115722656e+01,1.165259456634521484e+01
9.362086296081542969e+00,8.577702522277832031e+00,4.182035446166992188e+00,7.279419898986816406e+00,4.387658119201660156e+00,6.875218391418457031e+00,6.039465904235839844e+00,1.032190990447998047e+01,1.295266819000244141e+01,8.892411231994628906e+00,1.063573360443115234e+01,1.167323684692382812e+01
9.443380355834960938e+00,8.577420234680175781e+00,4.848088264465332031e+00,7.277328014373779297e+00,4.016325950622558594e+00,6.686185836791992188e+00,5.871592044830322266e+00,1.018171405792236328e+01,1.269887924194335938e+01,8.835837364196777344e+00,1.074059486389160156e+01,1.174664020538330078e+01
9.431509971618652344e+00,7.953842163085937500e+00,4.918764591217041016e+00,7.207982540130615234e+00,3.848242521286010742e+00,6.154240608215332031e+00,5.682047367095947266e+00,1.008794307708740234e+01,1.253748130798339844e+01,8.699086189270019531e+00,1.073916721343994141e+01,1.178314971923828125e+01
9.408838272094726562e+00,8.559897422790527344e+00,4.283460140228271484e+00,7.256977081298828125e+00,4.604926109313964844e+00,6.865631103515625000e+00,5.930029869079589844e+00,1.006776618957519531e+01,1.298317813873291016e+01,8.856797218322753906e+00,1.076423454284667969e+01,1.177070808410644531e+01
9.195408821105957031e+00,8.297108650207519531e+00,4.113510131835937500e+00,7.155346393585205078e+00,4.185680389404296875e+00,6.285326957702636719e+00,6.016074180603027344e+00,9.998902320861816406e+00,1.272677040100097656e+01,8.786127090454101562e+00,1.070236492156982422e+01,1.185772705078125000e+01
9.943193435668945312e+00,8.822633743286132812e+00,5.708849430084228516e+00,7.687682628631591797e+00,4.323606491088867188e+00,7.720693588256835938e+00,6.567552566528320312e+00,9.839488029479980469e+00,1.317543888092041016e+01,9.100134849548339844e+00,1.084132957458496094e+01,1.173566818237304688e+01
9.408451080322265625e+00,8.637441635131835938e+00,4.684887409210205078e+00,7.524904727935791016e+00,4.631256103515625000e+00,7.502610206604003906e+00,6.450479030609130859e+00,9.927105903625488281e+00,1.321494865417480469e+01,9.021219253540039062e+00,1.089297008514404297e+01,1.190928840637207031e+01
9.753236770629882812e+00,8.741690635681152344e+00,5.223149776458740234e+00,7.567952632904052734e+00,4.222512245178222656e+00,7.195705413818359375e+00,6.246593475341796875e+00,9.873774528503417969e+00,1.307253456115722656e+01,9.035289764404296875e+00,1.075654125213623047e+01,1.169486522674560547e+01
9.537344932556152344e+00,8.594656944274902344e+00,4.749866485595703125e+00,7.397332668304443359e+00,4.539559364318847656e+00,7.232039451599121094e+00,6.126260280609130859e+00,9.760439872741699219e+00,1.308886909484863281e+01,8.884948730468750000e+00,1.066475296020507812e+01,1.159189224243164062e+01
9.001001358032226562e+00,8.775594711303710938e+00,3.199350118637084961e+00,7.676776409149169922e+00,5.521500587463378906e+00,8.700237274169921875e+00,7.188473701477050781e+00,9.856391906738281250e+00,1.342192173004150391e+01,8.707196235656738281e+00,1.064113903045654297e+01,1.187444114685058594e+01
9.255064964294433594e+00,8.740515708923339844e+00,3.605934381484985352e+00,7.761503696441650391e+00,5.948895454406738281e+00,8.419490814208984375e+00,7.331768512725830078e+00,9.509056091308593750e+00,1.352558135986328125e+01,8.868799209594726562e+00,1.071719741821289062e+01,1.196022605895996094e+01
9.188302040100097656e+00,8.775185585021972656e+00,3.369648933410644531e+00,7.807936668395996094e+00,5.939128875732421875e+00,8.570201873779296875e+00,7.138697624206542969e+00,9.647904396057128906e+00,1.342507839202880859e+01,8.792979240417480469e+00,1.053357028961181641e+01,1.180809211730957031e+01
8.977118492126464844e+00,8.460991859436035156e+00,3.198868513107299805e+00,7.977102756500244141e+00,5.932885169982910156e+00,9.050916671752929688e+00,7.746102333068847656e+00,9.874651908874511719e+00,1.322303581237792969e+01,9.033361434936523438e+00,1.055702972412109375e+01,1.170134544372558594e+01
9.174832344055175781e+00,8.659787178039550781e+00,3.427534103393554688e+00,8.057374954223632812e+00,6.066957473754882812e+00,8.978051185607910156e+00,8.077669143676757812e+00,9.586155891418457031e+00,1.327040290832519531e+01,9.017357826232910156e+00,1.050953960418701172e+01,1.177539730072021484e+01
9.303589820861816406e+00,8.602705955505371094e+00,3.531215906143188477e+00,7.890578269958496094e+00,6.242501258850097656e+00,8.385826110839843750e+00,7.634109497070312500e+00,9.219233512878417969e+00,1.334849834442138672e+01,8.885637283325195312e+00,1.052814769744873047e+01,1.177866458892822266e+01
9.309534072875976562e+00,8.739622116088867188e+00,3.521764039993286133e+00,8.114968299865722656e+00,6.179121971130371094e+00,8.777204513549804688e+00,8.086869239807128906e+00,9.445071220397949219e+00,1.334525394439697266e+01,9.118803024291992188e+00,1.060278892517089844e+01,1.181294631958007812e+01
9.543436050415039062e+00,8.821845054626464844e+00,3.684441804885864258e+00,7.899764537811279297e+00,6.117587089538574219e+00,8.439191818237304688e+00,7.664773941040039062e+00,9.306033134460449219e+00,1.348792839050292969e+01,8.886333465576171875e+00,1.051224040985107422e+01,1.175850677490234375e+01
9.689565658569335938e+00,8.826698303222656250e+00,3.565408945083618164e+00,7.964612483978271484e+00,5.987615585327148438e+00,8.572253227233886719e+00,7.636294841766357422e+00,9.289538383483886719e+00,1.342495822906494141e+01,8.862117767333984375e+00,1.049901008605957031e+01,1.167456817626953125e+01
9.129139900207519531e+00,8.374032020568847656e+00,3.422700405120849609e+00,7.984009742736816406e+00,6.111138343811035156e+00,8.237249374389648438e+00,7.740278720855712891e+00,9.464911460876464844e+00,1.326113128662109375e+01,9.006793975830078125e+00,1.050762367248535156e+01,1.170546150207519531e+01
