-3.338174343109130859e+00,-4.535251140594482422e+00,-8.978329658508300781e+00,-5.271783828735351562e+00,-9.213726043701171875e+00,-3.734345436096191406e+00,-7.222923755645751953e+00,-4.141670227050781250e+00,9.135050773620605469e+00
-3.370021104812622070e+00,-4.602604389190673828e+00,-9.428434371948242188e+00,-3.827114105224609375e+00,-7.892915725708007812e+00,-3.164773464202880859e+00,-5.039415359497070312e+00,-3.853984117507934570e+00,9.633118629455566406e+00
-3.260166406631469727e+00,-5.297767162322998047e+00,-8.916017532348632812e+00,-4.489141464233398438e+00,-9.659990310668945312e+00,-4.915538787841796875e+00,-7.502665996551513672e+00,-3.897928714752197266e+00,8.947803497314453125e+00
-3.283111810684204102e+00,-4.583350181579589844e+00,-9.141939163208007812e+00,-4.209433078765869141e+00,-8.156490325927734375e+00,-3.006972789764404297e+00,-5.909031867980957031e+00,-3.462785005569458008e+00,9.540677070617675781e+00
-3.032895565032958984e+00,-4.075883388519287109e+00,-8.954471588134765625e+00,-4.172679424285888672e+00,-8.421616554260253906e+00,-3.719431161880493164e+00,-5.394480705261230469e+00,-3.760111093521118164e+00,9.246760368347167969e+00
-3.216547489166259766e+00,-4.733970642089843750e+00,-8.910906791687011719e+00,-4.431427001953125000e+00,-9.050254821777343750e+00,-3.793788433074951172e+00,-6.278268814086914062e+00,-3.985028028488159180e+00,9.193817138671875000e+00
-3.113024950027465820e+00,-4.838629245758056641e+00,-9.031048774719238281e+00,-3.990806579589843750e+00,-8.573591232299804688e+00,-3.205319166183471680e+00,-6.136514186859130859e+00,-3.409557580947875977e+00,9.271166801452636719e+00
-3.297155141830444336e+00,-4.690473556518554688e+00,-9.202702522277832031e+00,-3.874968528747558594e+00,-7.760025024414062500e+00,-4.027936458587646484e+00,-5.265384674072265625e+00,-4.007320880889892578e+00,9.320831298828125000e+00
-3.186588287353515625e+00,-4.797726154327392578e+00,-8.965100288391113281e+00,-3.948728561401367188e+00,-8.592861175537109375e+00,-3.845146656036376953e+00,-6.080781459808349609e+00,-3.373891592025756836e+00,9.172376632690429688e+00
-2.992512226104736328e+00,-4.528868198394775391e+00,-9.273031234741210938e+00,-3.910631179809570312e+00,-7.702580451965332031e+00,-3.391164779663085938e+00,-4.839110374450683594e+00,-3.563974618911743164e+00,8.980065345764160156e+00
-4.192107677459716797e+00,-5.571379661560058594e+00,-1.046784210205078125e+01,-4.548440933227539062e+00,-7.760038375854492188e+00,-6.219343185424804688e+00,-6.133804798126220703e+00,-3.934850454330444336e+00,9.901263236999511719e+00
-3.960215330123901367e+00,-5.743321895599365234e+00,-1.035683155059814453e+01,-4.507361412048339844e+00,-7.615838050842285156e+00,-5.944597244262695312e+00,-6.267900466918945312e+00,-3.892166376113891602e+00,9.988416671752929688e+00
-4.173993587493896484e+00,-5.600787639617919922e+00,-1.053071880340576172e+01,-4.547298908233642578e+00,-7.756886482238769531e+00,-6.210317611694335938e+00,-6.186447143554687500e+00,-3.945480108261108398e+00,9.919272422790527344e+00
-3.760317564010620117e+00,-5.434784889221191406e+00,-1.042085170745849609e+01,-4.471685886383056641e+00,-7.648785591125488281e+00,-5.592043876647949219e+00,-6.123072624206542969e+00,-3.548487424850463867e+00,9.832172393798828125e+00
-3.773184299468994141e+00,-5.203481197357177734e+00,-1.025229740142822266e+01,-4.487757205963134766e+00,-7.641578674316406250e+00,-5.546770095825195312e+00,-5.579998493194580078e+00,-3.308186054229736328e+00,9.742224693298339844e+00
-3.818641185760498047e+00,-5.521666049957275391e+00,-1.031860828399658203e+01,-4.455192089080810547e+00,-7.631779670715332031e+00,-5.597162246704101562e+00,-6.045419692993164062e+00,-3.496675014495849609e+00,9.862154006958007812e+00
-3.544354200363159180e+00,-4.712383270263671875e+00,-9.818834304809570312e+00,-4.526625633239746094e+00,-7.973252296447753906e+00,-5.250977516174316406e+00,-5.967009067535400391e+00,-3.070527076721191406e+00,9.360182762145996094e+00
-3.743814945220947266e+00,-5.502140045166015625e+00,-1.030758762359619141e+01,-4.439702510833740234e+00,-7.636231422424316406e+00,-5.618079185485839844e+00,-6.098464965820312500e+00,-3.560096263885498047e+00,9.864611625671386719e+00
-3.926571369171142578e+00,-5.604068279266357422e+00,-1.062511730194091797e+01,-4.510972499847412109e+00,-7.675372123718261719e+00,-6.122457027435302734e+00,-6.133589744567871094e+00,-3.903718709945678711e+00,9.808916091918945312e+00
-3.705465078353881836e+00,-5.582712173461914062e+00,-1.033559513092041016e+01,-4.457098007202148438e+00,-7.591798782348632812e+00,-5.753360748291015625e+00,-6.132351875305175781e+00,-3.665219068527221680e+00,9.894432067871093750e+00
-3.043959617614746094e+00,-4.703357219696044922e+00,-1.035233879089355469e+01,-5.492724895477294922e+00,-9.696723937988281250e+00,-5.224368095397949219e+00,-6.358240127563476562e+00,-3.650477647781372070e+00,8.772356033325195312e+00
-2.834840297698974609e+00,-5.212677478790283203e+00,-1.025838947296142578e+01,-5.722959041595458984e+00,-1.000209999084472656e+01,-4.725014209747314453e+00,-6.680273056030273438e+00,-3.856212377548217773e+00,8.330831527709960938e+00
-3.026860475540161133e+00,-5.184771537780761719e+00,-1.029404926300048828e+01,-5.782339572906494141e+00,-1.000606918334960938e+01,-5.261626243591308594e+00,-6.959909439086914062e+00,-3.912018060684204102e+00,8.303793907165527344e+00
-2.923258781433105469e+00,-5.147036075592041016e+00,-1.009996509552001953e+01,-5.982486248016357422e+00,-1.022161960601806641e+01,-5.466604232788085938e+00,-7.624782085418701172e+00,-3.950934648513793945e+00,7.942577362060546875e+00
-3.295826911926269531e+00,-5.014638423919677734e+00,-1.027712535858154297e+01,-6.231156826019287109e+00,-1.002769756317138672e+01,-5.459605216979980469e+00,-7.852518081665039062e+00,-4.135372161865234375e+00,7.883378982543945312e+00
-3.247550010681152344e+00,-5.032282352447509766e+00,-1.035561752319335938e+01,-6.112625598907470703e+00,-9.842502593994140625e+00,-5.126872062683105469e+00,-7.182445526123046875e+00,-3.722841739654541016e+00,8.165241241455078125e+00
-3.664758205413818359e+00,-5.127024173736572266e+00,-1.017730998992919922e+01,-6.017637729644775391e+00,-9.902944564819335938e+00,-4.529392242431640625e+00,-7.866072177886962891e+00,-4.297200679779052734e+00,8.555216789245605469e+00
-3.182606697082519531e+00,-5.095545291900634766e+00,-1.034581279754638672e+01,-6.548080444335937500e+00,-9.803778648376464844e+00,-5.720981121063232422e+00,-7.807037830352783203e+00,-4.092207431793212891e+00,7.723550796508789062e+00
-3.035428762435913086e+00,-4.906497478485107422e+00,-1.037247848510742188e+01,-6.425140857696533203e+00,-9.855714797973632812e+00,-6.098594665527343750e+00,-7.712520599365234375e+00,-4.015047073364257812e+00,7.889006614685058594e+00
-3.300878524780273438e+00,-5.221391201019287109e+00,-1.026594066619873047e+01,-6.354297161102294922e+00,-1.006465530395507812e+01,-5.337820053100585938e+00,-7.659377574920654297e+00,-4.178222656250000000e+00,7.748055458068847656e+00
-3.354931354522705078e+00,-4.010575294494628906e+00,-9.644104957580566406e+00,-4.507356166839599609e+00,-7.201146125793457031e+00,-1.162477016448974609e+00,-4.756151676177978516e+00,-2.255879342555999756e-01,9.621393203735351562e+00
-2.413711786270141602e+00,-2.575852394104003906e+00,-8.261437416076660156e+00,-3.850685596466064453e+00,-5.542072296142578125e+00,-6.377172470092773438e-01,-4.523990631103515625e+00,8.169559240341186523e-01,9.355214118957519531e+00
-3.507052898406982422e+00,-4.274229049682617188e+00,-9.724095344543457031e+00,-4.463638305664062500e+00,-7.148379325866699219e+00,-1.011940002441406250e+00,-5.314190387725830078e+00,-2.014540135860443115e-01,9.747495651245117188e+00
-8.224585652351379395e-01,-1.402815818786621094e+00,-7.614715576171875000e+00,-3.611361503601074219e+00,-4.307135581970214844e+00,-1.457597732543945312e+00,-4.109389305114746094e+00,1.089950799942016602e+00,8.377160072326660156e+00
-1.659099459648132324e+00,-2.561937332153320312e+00,-8.025410652160644531e+00,-3.864435195922851562e+00,-5.072306632995605469e+00,-1.567292571067810059e+00,-4.956621170043945312e+00,6.354396343231201172e-01,8.725934982299804688e+00
-2.592590808868408203e+00,-4.259157657623291016e+00,-8.392399787902832031e+00,-5.225948810577392578e+00,-9.120596885681152344e+00,-3.269093036651611328e+00,-5.375284671783447266e+00,-3.004415512084960938e+00,9.852909088134765625e+00
-3.582663774490356445e+00,-4.514573097229003906e+00,-1.105825710296630859e+01,-6.237958431243896484e+00,-9.390617370605468750e+00,-3.797727108001708984e+00,-5.491078853607177734e+00,-3.525829076766967773e+00,8.937641143798828125e+00
-1.323147773742675781e+00,-2.605756759643554688e+00,-8.152944564819335938e+00,-4.183606147766113281e+00,-5.679532051086425781e+00,-2.329084396362304688e+00,-4.580692768096923828e+00,7.203570008277893066e-02,8.646926879882812500e+00
-2.083814382553100586e+00,-2.571264266967773438e+00,-8.298885345458984375e+00,-4.173061370849609375e+00,-5.847715377807617188e+00,-2.380046844482421875e+00,-4.371873855590820312e+00,8.862671256065368652e-02,8.922677993774414062e+00
-3.388770580291748047e+00,-3.579506397247314453e+00,-1.039904308319091797e+01,-5.248793601989746094e+00,-7.710521697998046875e+00,-2.358762025833129883e+00,-4.372324943542480469e+00,-1.437285900115966797e+00,9.184547424316406250e+00
-1.124826073646545410e+00,-3.597805976867675781e+00,-6.589816093444824219e+00,-5.168625354766845703e+00,-9.574357032775878906e+00,-6.007136344909667969e+00,-6.114711761474609375e+00,-3.899833202362060547e+00,9.733272552490234375e+00
-8.751551508903503418e-01,-3.603386878967285156e+00,-6.663733482360839844e+00,-5.294889926910400391e+00,-9.607892990112304688e+00,-6.062112331390380859e+00,-6.353408813476562500e+00,-3.994779825210571289e+00,9.828860282897949219e+00
-2.585387706756591797e+00,-4.655017852783203125e+00,-8.697536468505859375e+00,-5.093851566314697266e+00,-9.169527053833007812e+00,-2.660971641540527344e+00,-5.413986206054687500e+00,-2.242460489273071289e+00,9.734951972961425781e+00
-1.562654852867126465e+00,-3.825407028198242188e+00,-7.772165298461914062e+00,-4.896570682525634766e+00,-9.161383628845214844e+00,-3.732808351516723633e+00,-5.602278232574462891e+00,-2.513264894485473633e+00,9.680947303771972656e+00
-1.058908581733703613e+00,-4.155294895172119141e+00,-6.668042182922363281e+00,-5.219980239868164062e+00,-9.964056968688964844e+00,-5.555094718933105469e+00,-6.299904346466064453e+00,-2.901393890380859375e+00,9.334927558898925781e+00
-1.976053953170776367e+00,-4.802588939666748047e+00,-8.400431632995605469e+00,-5.763069629669189453e+00,-9.824424743652343750e+00,-5.977972984313964844e+00,-6.432172775268554688e+00,-3.606475114822387695e+00,9.476532936096191406e+00
-1.548185467720031738e+00,-3.482364177703857422e+00,-7.141228675842285156e+00,-4.731230258941650391e+00,-8.995635032653808594e+00,-3.476867198944091797e+00,-5.685858726501464844e+00,-2.350401163101196289e+00,9.644408226013183594e+00
-2.472067832946777344e+00,-4.331067085266113281e+00,-7.985661506652832031e+00,-5.072596073150634766e+00,-9.077476501464843750e+00,-2.408246040344238281e+00,-5.507613182067871094e+00,-2.140950679779052734e+00,9.839142799377441406e+00
-1.732921361923217773e+00,-3.636833190917968750e+00,-8.123239517211914062e+00,-5.047821521759033203e+00,-7.396786689758300781e+00,-4.198715209960937500e+00,-5.248452186584472656e+00,-1.638041615486145020e+00,8.764410972595214844e+00
-1.177787899971008301e+00,-4.136576652526855469e+00,-6.277986526489257812e+00,-5.253371238708496094e+00,-9.838714599609375000e+00,-4.263341903686523438e+00,-6.043657302856445312e+00,-2.902298688888549805e+00,9.559923171997070312e+00
-3.840090751647949219e+00,-4.213438510894775391e+00,-9.640144348144531250e+00,-5.129418849945068359e+00,-8.847667694091796875e+00,-3.899085521697998047e+00,-4.634437084197998047e+00,-2.826779603958129883e+00,9.231222152709960938e+00
-3.766733646392822266e+00,-4.371731281280517578e+00,-9.706826210021972656e+00,-4.979636669158935547e+00,-8.487648963928222656e+00,-3.656928062438964844e+00,-4.611359119415283203e+00,-2.905697822570800781e+00,9.499354362487792969e+00
-3.070261716842651367e+00,-4.212780475616455078e+00,-8.965043067932128906e+00,-4.534058570861816406e+00,-8.646387100219726562e+00,-3.705058813095092773e+00,-4.346628665924072266e+00,-3.027845382690429688e+00,9.519631385803222656e+00
-2.782585382461547852e+00,-4.334024429321289062e+00,-8.756963729858398438e+00,-4.075335025787353516e+00,-8.155524253845214844e+00,-3.684904813766479492e+00,-3.953631877899169922e+00,-3.249464988708496094e+00,9.967119216918945312e+00
-3.071181297302246094e+00,-4.109054088592529297e+00,-9.380204200744628906e+00,-4.182711124420166016e+00,-8.033085823059082031e+00,-3.601570129394531250e+00,-3.845308065414428711e+00,-3.143563747406005859e+00,9.545393943786621094e+00
-3.003746032714843750e+00,-4.104994297027587891e+00,-8.839252471923828125e+00,-4.775069713592529297e+00,-8.898324966430664062e+00,-3.631348609924316406e+00,-4.236507415771484375e+00,-2.803490638732910156e+00,9.294481277465820312e+00
-2.713685989379882812e+00,-4.147503376007080078e+00,-8.779558181762695312e+00,-4.004878997802734375e+00,-8.234974861145019531e+00,-3.775597572326660156e+00,-3.816915750503540039e+00,-3.175167322158813477e+00,9.780615806579589844e+00
-2.631544589996337891e+00,-3.985354900360107422e+00,-8.854613304138183594e+00,-3.555836200714111328e+00,-7.773776054382324219e+00,-3.784710168838500977e+00,-3.331061601638793945e+00,-3.794860124588012695e+00,9.723565101623535156e+00
-2.633804321289062500e+00,-3.966327190399169922e+00,-8.748857498168945312e+00,-4.162636756896972656e+00,-8.506630897521972656e+00,-3.711041212081909180e+00,-3.618687868118286133e+00,-3.254211187362670898e+00,9.439235687255859375e+00
-2.620033264160156250e+00,-3.589343070983886719e+00,-8.499676704406738281e+00,-3.188995361328125000e+00,-7.832954406738281250e+00,-3.485575199127197266e+00,-2.600235223770141602e+00,-4.257483482360839844e+00,9.584456443786621094e+00
-3.700562715530395508e+00,-4.803102493286132812e+00,-8.880001068115234375e+00,-4.358712673187255859e+00,-8.116510391235351562e+00,-2.673016071319580078e+00,-5.086589813232421875e+00,-2.526881694793701172e+00,1.028583240509033203e+01
-3.371220827102661133e+00,-4.239037990570068359e+00,-8.333478927612304688e+00,-4.675783634185791016e+00,-8.875159263610839844e+00,-4.076459407806396484e+00,-5.001457691192626953e+00,-3.195394277572631836e+00,9.711199760437011719e+00
-3.292273521423339844e+00,-4.286535263061523438e+00,-8.277476310729980469e+00,-4.475224971771240234e+00,-8.527976036071777344e+00,-3.544236660003662109e+00,-5.187516689300537109e+00,-3.094570875167846680e+00,9.913711547851562500e+00
-3.182024717330932617e+00,-4.775744915008544922e+00,-8.947814941406250000e+00,-4.277280330657958984e+00,-8.295991897583007812e+00,-3.731080770492553711e+00,-4.213322162628173828e+00,-3.392420053482055664e+00,9.965107917785644531e+00
-2.908515930175781250e+00,-4.557933330535888672e+00,-8.750513076782226562e+00,-4.028569221496582031e+00,-8.107748031616210938e+00,-3.699965953826904297e+00,-3.982625007629394531e+00,-3.488894224166870117e+00,1.016326427459716797e+01
-2.655008792877197266e+00,-4.352980136871337891e+00,-9.062300682067871094e+00,-3.480356693267822266e+00,-7.611444473266601562e+00,-3.455641746520996094e+00,-3.399287700653076172e+00,-3.990623474121093750e+00,1.009247875213623047e+01
-2.129081010818481445e+00,-4.205423355102539062e+00,-8.696085929870605469e+00,-3.558779239654541016e+00,-8.050240516662597656e+00,-2.933294296264648438e+00,-3.673677682876586914e+00,-3.541421175003051758e+00,9.892479896545410156e+00
-2.008966684341430664e+00,-3.959033966064453125e+00,-8.510485649108886719e+00,-3.718637943267822266e+00,-8.798537254333496094e+00,-3.044816970825195312e+00,-3.977114677429199219e+00,-3.696716547012329102e+00,8.957984924316406250e+00
-2.785452365875244141e+00,-4.246941566467285156e+00,-8.251009941101074219e+00,-4.005648612976074219e+00,-7.866656303405761719e+00,-3.844135999679565430e+00,-4.265450954437255859e+00,-3.088962554931640625e+00,1.021552562713623047e+01
-2.569524765014648438e+00,-4.575237274169921875e+00,-8.826050758361816406e+00,-3.678689956665039062e+00,-7.737783432006835938e+00,-3.231203794479370117e+00,-3.334353685379028320e+00,-3.778592348098754883e+00,1.011332130432128906e+01
-2.603088855743408203e+00,-2.631327152252197266e+00,-8.936536788940429688e+00,-2.450624942779541016e+00,-6.971693038940429688e+00,-4.092454910278320312e+00,-2.858200550079345703e+00,-3.931124210357666016e+00,9.877863883972167969e+00
-3.282075166702270508e+00,-4.169553279876708984e+00,-8.055685043334960938e+00,-4.587109565734863281e+00,-9.092237472534179688e+00,-4.723142623901367188e+00,-4.807638168334960938e+00,-3.629634857177734375e+00,9.331515312194824219e+00
-3.413151502609252930e+00,-4.553944587707519531e+00,-8.956392288208007812e+00,-4.487128734588623047e+00,-9.554740905761718750e+00,-5.269263267517089844e+00,-4.471398353576660156e+00,-4.215388298034667969e+00,9.611072540283203125e+00
-2.990460634231567383e+00,-3.345061779022216797e+00,-8.988048553466796875e+00,-2.993643760681152344e+00,-7.205803871154785156e+00,-4.366647243499755859e+00,-3.535983324050903320e+00,-3.595473766326904297e+00,9.741164207458496094e+00
-3.448635578155517578e+00,-4.177811145782470703e+00,-9.022157669067382812e+00,-4.565340042114257812e+00,-9.505487442016601562e+00,-5.159446716308593750e+00,-4.342336654663085938e+00,-3.903882265090942383e+00,9.264248847961425781e+00
-3.356772184371948242e+00,-4.299069404602050781e+00,-8.898194313049316406e+00,-4.440500736236572266e+00,-9.422662734985351562e+00,-5.197745323181152344e+00,-4.107227802276611328e+00,-4.099443912506103516e+00,9.463855743408203125e+00
-3.368754863739013672e+00,-4.178026199340820312e+00,-8.869296073913574219e+00,-4.782144546508789062e+00,-9.735530853271484375e+00,-5.150184631347656250e+00,-4.611817359924316406e+00,-3.530219078063964844e+00,9.335922241210937500e+00
-3.186979293823242188e+00,-4.089443683624267578e+00,-8.817474365234375000e+00,-4.323740959167480469e+00,-9.094857215881347656e+00,-5.010004043579101562e+00,-4.232101917266845703e+00,-3.646929740905761719e+00,9.290729522705078125e+00
-3.337848424911499023e+00,-4.283924579620361328e+00,-8.775660514831542969e+00,-4.502948284149169922e+00,-9.476643562316894531e+00,-5.053627967834472656e+00,-3.963400125503540039e+00,-3.924052000045776367e+00,9.243006706237792969e+00
-3.073975563049316406e+00,-4.108775138854980469e+00,-8.767333030700683594e+00,-4.295223236083984375e+00,-8.818516731262207031e+00,-4.729152679443359375e+00,-4.149421215057373047e+00,-3.573572397232055664e+00,9.769602775573730469e+00
-2.948461532592773438e+00,-5.602047920227050781e+00,-9.617419242858886719e+00,-4.632581710815429688e+00,-7.721030235290527344e+00,-4.055386543273925781e+00,-6.336909294128417969e+00,-4.923825263977050781e+00,9.894671440124511719e+00
-3.518496751785278320e+00,-5.914287090301513672e+00,-8.987913131713867188e+00,-4.853730678558349609e+00,-9.055080413818359375e+00,-3.333985328674316406e+00,-6.976681709289550781e+00,-1.837576150894165039e+00,9.731301307678222656e+00
-4.679050922393798828e+00,-6.242852687835693359e+00,-1.040931987762451172e+01,-5.287437438964843750e+00,-8.415257453918457031e+00,-1.480504274368286133e+00,-5.991896629333496094e+00,-1.885874867439270020e+00,9.689737319946289062e+00
-4.466028213500976562e+00,-5.915501117706298828e+00,-1.012025356292724609e+01,-5.130183696746826172e+00,-8.373756408691406250e+00,-1.469266176223754883e+00,-5.494674205780029297e+00,-2.076153755187988281e+00,9.967499732971191406e+00
-4.329291820526123047e+00,-6.139033794403076172e+00,-1.007018184661865234e+01,-5.126305580139160156e+00,-8.686827659606933594e+00,-1.792437314987182617e+00,-6.278884410858154297e+00,-1.897818684577941895e+00,9.793586730957031250e+00
-4.846247196197509766e+00,-6.162683963775634766e+00,-1.044428920745849609e+01,-5.380190849304199219e+00,-8.452913284301757812e+00,-1.415315508842468262e+00,-6.249308586120605469e+00,-1.999146223068237305e+00,9.610012054443359375e+00
-2.868431568145751953e+00,-5.404871463775634766e+00,-8.654944419860839844e+00,-4.493392467498779297e+00,-8.685491561889648438e+00,-3.030422687530517578e+00,-5.863370418548583984e+00,-1.379965782165527344e+00,9.826853752136230469e+00
-4.877871036529541016e+00,-6.276883602142333984e+00,-1.059098434448242188e+01,-5.352402210235595703e+00,-8.498514175415039062e+00,-1.448300004005432129e+00,-6.309823513031005859e+00,-1.975260734558105469e+00,9.607178688049316406e+00
-4.780665874481201172e+00,-6.289214611053466797e+00,-1.067136096954345703e+01,-5.337433815002441406e+00,-8.475566864013671875e+00,-1.378093242645263672e+00,-6.276592731475830078e+00,-1.704198360443115234e+00,9.647179603576660156e+00
-1.676860451698303223e+00,-5.250047206878662109e+00,-7.651178359985351562e+00,-4.511158466339111328e+00,-9.369755744934082031e+00,-4.605918407440185547e+00,-6.886997222900390625e+00,-1.648397326469421387e+00,9.488965034484863281e+00
-4.259561061859130859e+00,-5.189832210540771484e+00,-9.841101646423339844e+00,-5.471773624420166016e+00,-7.720490455627441406e+00,-6.082626819610595703e+00,-7.443562030792236328e+00,-2.152542352676391602e+00,8.985743522644042969e+00
-4.297297477722167969e+00,-5.163190841674804688e+00,-9.875573158264160156e+00,-5.416554927825927734e+00,-7.759445190429687500e+00,-6.056370735168457031e+00,-7.318787574768066406e+00,-2.097658872604370117e+00,9.024948120117187500e+00
-4.226962566375732422e+00,-5.164330959320068359e+00,-9.801658630371093750e+00,-5.489557743072509766e+00,-7.654252052307128906e+00,-6.045806884765625000e+00,-7.495532989501953125e+00,-2.130444288253784180e+00,9.070471763610839844e+00
-4.189391613006591797e+00,-5.235126495361328125e+00,-9.727751731872558594e+00,-5.413531780242919922e+00,-7.717776298522949219e+00,-6.075282573699951172e+00,-7.470868587493896484e+00,-2.172924757003784180e+00,8.986886024475097656e+00
-4.029427051544189453e+00,-5.334708690643310547e+00,-1.003775310516357422e+01,-5.652612686157226562e+00,-7.827434539794921875e+00,-6.106604099273681641e+00,-7.273386001586914062e+00,-2.814411163330078125e+00,8.991662979125976562e+00
-4.160573005676269531e+00,-5.168220996856689453e+00,-9.686082839965820312e+00,-5.412174701690673828e+00,-7.778087615966796875e+00,-6.065047264099121094e+00,-7.461492538452148438e+00,-2.152319908142089844e+00,9.014438629150390625e+00
-4.183482646942138672e+00,-5.282508373260498047e+00,-9.743335723876953125e+00,-5.270343780517578125e+00,-7.775696754455566406e+00,-6.008611679077148438e+00,-7.315931320190429688e+00,-2.169116020202636719e+00,9.022762298583984375e+00
-4.208042621612548828e+00,-5.207538127899169922e+00,-9.758892059326171875e+00,-5.385101795196533203e+00,-7.702355384826660156e+00,-6.082555294036865234e+00,-7.425531387329101562e+00,-2.161957025527954102e+00,9.019696235656738281e+00
-4.070009231567382812e+00,-5.255990505218505859e+00,-9.770191192626953125e+00,-5.492355346679687500e+00,-7.666616439819335938e+00,-6.180112361907958984e+00,-7.444398880004882812e+00,-2.312317609786987305e+00,8.871296882629394531e+00
-4.088222503662109375e+00,-5.253847122192382812e+00,-1.010786151885986328e+01,-5.344173908233642578e+00,-7.666563034057617188e+00,-4.253913402557373047e+00,-7.087689876556396484e+00,-1.734165191650390625e+00,9.406165122985839844e+00
-3.803437709808349609e+00,-5.161831378936767578e+00,-1.032438373565673828e+01,-5.799991130828857422e+00,-8.057964324951171875e+00,-6.274681091308593750e+00,-6.862029075622558594e+00,-3.284648180007934570e+00,9.174436569213867188e+00
-3.646848201751708984e+00,-5.002175807952880859e+00,-1.028334808349609375e+01,-5.643185138702392578e+00,-8.050930976867675781e+00,-5.948636054992675781e+00,-6.473167419433593750e+00,-3.324997663497924805e+00,9.382717132568359375e+00
-3.645636081695556641e+00,-4.883208751678466797e+00,-1.057184219360351562e+01,-5.531220436096191406e+00,-8.009355545043945312e+00,-5.786173820495605469e+00,-6.121325016021728516e+00,-3.341707468032836914e+00,9.676148414611816406e+00
-3.530238151550292969e+00,-4.878837108612060547e+00,-1.051988220214843750e+01,-5.464891910552978516e+00,-7.980648994445800781e+00,-6.007363796234130859e+00,-6.101540565490722656e+00,-3.081269979476928711e+00,9.626608848571777344e+00
-3.617861747741699219e+00,-5.010492801666259766e+00,-1.014115810394287109e+01,-5.622713088989257812e+00,-8.029485702514648438e+00,-5.973162651062011719e+00,-6.556704521179199219e+00,-3.422977209091186523e+00,9.344962120056152344e+00
-3.557529449462890625e+00,-5.007929325103759766e+00,-1.045100688934326172e+01,-5.812491893768310547e+00,-8.132007598876953125e+00,-5.908184528350830078e+00,-6.330536842346191406e+00,-3.580692768096923828e+00,9.531553268432617188e+00
-3.456069946289062500e+00,-4.717706680297851562e+00,-1.023625087738037109e+01,-5.080662250518798828e+00,-7.904791831970214844e+00,-5.598669052124023438e+00,-5.699896335601806641e+00,-2.715407848358154297e+00,9.624278068542480469e+00
-3.542426347732543945e+00,-4.848136425018310547e+00,-1.034672260284423828e+01,-5.361609935760498047e+00,-7.886627197265625000e+00,-5.642042160034179688e+00,-5.958997726440429688e+00,-3.119428396224975586e+00,9.470561027526855469e+00
-3.464193582534790039e+00,-4.736258983612060547e+00,-1.059247207641601562e+01,-5.259996414184570312e+00,-7.904950141906738281e+00,-5.727004051208496094e+00,-5.765826702117919922e+00,-3.031515836715698242e+00,9.666108131408691406e+00
-3.350140333175659180e+00,-4.881584167480468750e+00,-1.009228801727294922e+01,-5.347172260284423828e+00,-7.838542938232421875e+00,-5.895950317382812500e+00,-5.957248687744140625e+00,-3.345246076583862305e+00,9.395010948181152344e+00
-4.064652442932128906e+00,-5.512634754180908203e+00,-9.642582893371582031e+00,-5.123431205749511719e+00,-8.350997924804687500e+00,-5.397881507873535156e+00,-6.009751796722412109e+00,-4.162845611572265625e+00,9.543209075927734375e+00
-4.036437988281250000e+00,-5.275621414184570312e+00,-1.024777603149414062e+01,-5.233652114868164062e+00,-8.387538909912109375e+00,-4.039670944213867188e+00,-6.170838832855224609e+00,-4.030153751373291016e+00,1.000403499603271484e+01
-3.787439823150634766e+00,-5.336023807525634766e+00,-1.032162189483642578e+01,-5.157380580902099609e+00,-8.260972976684570312e+00,-4.421494007110595703e+00,-6.345173835754394531e+00,-3.606103420257568359e+00,9.624812126159667969e+00
-4.201923370361328125e+00,-5.688944339752197266e+00,-1.067695617675781250e+01,-5.311901569366455078e+00,-8.308231353759765625e+00,-3.152026176452636719e+00,-6.001739025115966797e+00,-4.237394809722900391e+00,1.025452232360839844e+01
-4.260936260223388672e+00,-5.702937126159667969e+00,-1.104002857208251953e+01,-5.268536090850830078e+00,-8.048245429992675781e+00,-3.505628585815429688e+00,-5.161639213562011719e+00,-4.849476337432861328e+00,1.044389343261718750e+01
-4.129560470581054688e+00,-5.665769100189208984e+00,-1.085103988647460938e+01,-5.191636562347412109e+00,-8.151086807250976562e+00,-3.715502977371215820e+00,-5.048748016357421875e+00,-4.517656326293945312e+00,1.022224807739257812e+01
-4.224694728851318359e+00,-5.640229225158691406e+00,-1.092066669464111328e+01,-5.232117652893066406e+00,-8.145315170288085938e+00,-3.598208427429199219e+00,-5.072013378143310547e+00,-4.672816276550292969e+00,1.041176319122314453e+01
-4.172307014465332031e+00,-5.398211956024169922e+00,-1.110417270660400391e+01,-5.263662338256835938e+00,-7.982061386108398438e+00,-3.918604850769042969e+00,-4.866594791412353516e+00,-4.470045089721679688e+00,1.017988395690917969e+01
-4.067553520202636719e+00,-5.245703220367431641e+00,-1.089152812957763672e+01,-5.210888385772705078e+00,-7.961344718933105469e+00,-4.039741516113281250e+00,-4.926043987274169922e+00,-4.224309444427490234e+00,9.847283363342285156e+00
-4.155838966369628906e+00,-5.150001049041748047e+00,-1.081733608245849609e+01,-4.959300518035888672e+00,-7.929527282714843750e+00,-3.681975364685058594e+00,-4.776032447814941406e+00,-3.782426357269287109e+00,9.912581443786621094e+00
