-3.222933769226074219e+00,-4.323479175567626953e+00,-8.428504943847656250e+00,-4.528184413909912109e+00,-8.427074432373046875e+00,-3.357016563415527344e+00,-5.453504562377929688e+00,-2.339319467544555664e+00,-3.203855991363525391e+00,-9.703458547592163086e-01,-2.371218800544738770e-01
-3.149066448211669922e+00,-4.452710151672363281e+00,-1.003666973114013672e+01,-3.297507762908935547e+00,-7.632191181182861328e+00,-2.994736671447753906e+00,-4.392414093017578125e+00,-3.880319118499755859e+00,-2.317303180694580078e+00,-1.251156687736511230e+00,6.346282362937927246e-02
-3.110383033752441406e+00,-4.855469703674316406e+00,-8.986436843872070312e+00,-4.434320926666259766e+00,-9.055153846740722656e+00,-3.634406089782714844e+00,-6.388974189758300781e+00,-2.679754495620727539e+00,-2.938211917877197266e+00,-1.295455455780029297e+00,-6.256260871887207031e-01
-3.247114658355712891e+00,-4.722258090972900391e+00,-9.513122558593750000e+00,-3.852538824081420898e+00,-8.089541435241699219e+00,-2.812692642211914062e+00,-5.304607391357421875e+00,-3.281816482543945312e+00,-2.287929773330688477e+00,-1.039943456649780273e+00,-2.542925775051116943e-01
-3.117780685424804688e+00,-4.279382705688476562e+00,-9.547631263732910156e+00,-3.836340188980102539e+00,-7.679096698760986328e+00,-3.187476158142089844e+00,-4.502490043640136719e+00,-3.530235528945922852e+00,-2.561247825622558594e+00,-1.058614253997802734e+00,1.134781092405319214e-01
-3.527051925659179688e+00,-4.886745452880859375e+00,-9.954466819763183594e+00,-3.882028818130493164e+00,-7.988189220428466797e+00,-3.118055343627929688e+00,-5.423861503601074219e+00,-3.385484457015991211e+00,-2.422091722488403320e+00,-1.355460166931152344e+00,-2.089560031890869141e-01
-2.335711956024169922e+00,-4.315188884735107422e+00,-8.032782554626464844e+00,-4.084487438201904297e+00,-8.727369308471679688e+00,-2.955249786376953125e+00,-5.603188514709472656e+00,-1.729425430297851562e+00,-2.507549762725830078e+00,-1.206624269485473633e+00,-5.189887285232543945e-01
-3.470720767974853516e+00,-4.652844429016113281e+00,-1.052647590637207031e+01,-3.605710983276367188e+00,-7.306633472442626953e+00,-3.263666152954101562e+00,-4.687311649322509766e+00,-3.588781356811523438e+00,-2.117239236831665039e+00,-6.825578212738037109e-01,1.599507331848144531e-01
-3.071214199066162109e+00,-4.927465915679931641e+00,-8.998026847839355469e+00,-3.843060255050659180e+00,-9.039187431335449219e+00,-4.302376747131347656e+00,-5.851586341857910156e+00,-2.394629955291748047e+00,-2.213824272155761719e+00,-1.275253176689147949e+00,-3.460634350776672363e-01
-1.985192418098449707e+00,-3.720817565917968750e+00,-7.503926753997802734e+00,-4.306107521057128906e+00,-9.277361869812011719e+00,-3.794031620025634766e+00,-5.365055084228515625e+00,-2.100111007690429688e+00,-3.112063646316528320e+00,-1.586417555809020996e+00,-7.584226131439208984e-01
-3.436079978942871094e+00,-4.693555831909179688e+00,-8.775938034057617188e+00,-4.863284111022949219e+00,-8.366538047790527344e+00,-5.422607421875000000e+00,-5.872138023376464844e+00,-3.137354850769042969e+00,-3.912421941757202148e+00,-1.767716288566589355e+00,-1.108639121055603027e+00
-3.919470787048339844e+00,-5.573681831359863281e+00,-1.002149009704589844e+01,-4.722743988037109375e+00,-7.869820117950439453e+00,-5.593356609344482422e+00,-6.160167694091796875e+00,-3.043873786926269531e+00,-3.495848894119262695e+00,-1.828584074974060059e+00,-9.185714721679687500e-01
-3.471434116363525391e+00,-4.720979690551757812e+00,-8.652824401855468750e+00,-4.878084182739257812e+00,-8.460250854492187500e+00,-5.563520431518554688e+00,-5.995065689086914062e+00,-3.158981323242187500e+00,-3.926111221313476562e+00,-1.694636940956115723e+00,-1.072803258895874023e+00
-3.344019889831542969e+00,-4.496282100677490234e+00,-9.216080665588378906e+00,-4.745364189147949219e+00,-7.841318130493164062e+00,-4.833455562591552734e+00,-5.464869499206542969e+00,-2.646984815597534180e+00,-3.713076591491699219e+00,-1.801183342933654785e+00,-1.275742173194885254e+00
-3.073931694030761719e+00,-4.651307106018066406e+00,-8.127854347229003906e+00,-5.177247047424316406e+00,-8.605062484741210938e+00,-5.652384281158447266e+00,-6.013397216796875000e+00,-3.407586812973022461e+00,-4.073306560516357422e+00,-1.626946568489074707e+00,-1.119415283203125000e+00
-3.471030235290527344e+00,-4.860467910766601562e+00,-9.422198295593261719e+00,-4.902003288269042969e+00,-8.107743263244628906e+00,-5.385289669036865234e+00,-5.930789947509765625e+00,-2.824007987976074219e+00,-3.835064411163330078e+00,-1.757106423377990723e+00,-1.199006557464599609e+00
-2.914775848388671875e+00,-4.390243053436279297e+00,-7.448760509490966797e+00,-5.159125328063964844e+00,-8.894174575805664062e+00,-5.659172534942626953e+00,-6.102717399597167969e+00,-3.616355419158935547e+00,-4.297980785369873047e+00,-1.740219712257385254e+00,-1.124315381050109863e+00
-3.428636074066162109e+00,-4.759866237640380859e+00,-9.498950004577636719e+00,-4.760050773620605469e+00,-7.923626422882080078e+00,-5.292010784149169922e+00,-5.746663093566894531e+00,-2.755768060684204102e+00,-3.724024772644042969e+00,-1.963360428810119629e+00,-1.218098878860473633e+00
-3.359049797058105469e+00,-4.695042133331298828e+00,-8.798840522766113281e+00,-4.817580223083496094e+00,-8.367249488830566406e+00,-5.515137195587158203e+00,-5.862774848937988281e+00,-3.107592821121215820e+00,-3.879704952239990234e+00,-1.748078703880310059e+00,-1.172367095947265625e+00
-3.337284088134765625e+00,-4.819262981414794922e+00,-9.349588394165039062e+00,-4.840955734252929688e+00,-7.934148788452148438e+00,-5.339382648468017578e+00,-5.727489471435546875e+00,-2.764558315277099609e+00,-3.736386060714721680e+00,-1.813147187232971191e+00,-1.226491689682006836e+00
-3.309785842895507812e+00,-5.092821598052978516e+00,-9.383561134338378906e+00,-6.412653923034667969e+00,-1.036498260498046875e+01,-5.884254932403564453e+00,-7.597936630249023438e+00,-4.627278804779052734e+00,-4.266125202178955078e+00,-2.978689670562744141e+00,-1.948544025421142578e+00
-2.957309722900390625e+00,-5.155199050903320312e+00,-9.546475410461425781e+00,-6.403693199157714844e+00,-1.048164558410644531e+01,-6.057928562164306641e+00,-7.769598960876464844e+00,-4.570679187774658203e+00,-4.410159111022949219e+00,-2.837530136108398438e+00,-1.951896190643310547e+00
-3.222915649414062500e+00,-5.212841987609863281e+00,-9.730881690979003906e+00,-6.424870491027832031e+00,-1.027027130126953125e+01,-6.133709907531738281e+00,-7.531458854675292969e+00,-4.439670085906982422e+00,-4.310678958892822266e+00,-2.818400859832763672e+00,-1.974244356155395508e+00
-3.306309223175048828e+00,-5.415517807006835938e+00,-8.767922401428222656e+00,-6.028533935546875000e+00,-9.686582565307617188e+00,-5.583223819732666016e+00,-7.653664588928222656e+00,-4.203143596649169922e+00,-3.368649005889892578e+00,-2.419197797775268555e+00,-1.089312076568603516e+00
-3.378189086914062500e+00,-5.273756980895996094e+00,-8.698307991027832031e+00,-6.041012763977050781e+00,-8.996728897094726562e+00,-6.038630008697509766e+00,-7.348896980285644531e+00,-3.929382801055908203e+00,-3.302436351776123047e+00,-2.274435997009277344e+00,-7.875421047210693359e-01
-3.470117092132568359e+00,-5.166543483734130859e+00,-9.470420837402343750e+00,-6.433379173278808594e+00,-9.918422698974609375e+00,-6.111681938171386719e+00,-7.857535362243652344e+00,-4.424174308776855469e+00,-3.995865106582641602e+00,-2.256294727325439453e+00,-1.400275588035583496e+00
-3.925575256347656250e+00,-5.375706672668457031e+00,-8.819492340087890625e+00,-6.058270454406738281e+00,-8.810279846191406250e+00,-6.059525012969970703e+00,-7.174272537231445312e+00,-5.320528507232666016e+00,-3.378201007843017578e+00,-2.600887775421142578e+00,-1.258076071739196777e+00
-3.198402881622314453e+00,-5.232751369476318359e+00,-9.496665000915527344e+00,-6.445861816406250000e+00,-9.644606590270996094e+00,-6.078444957733154297e+00,-7.213561058044433594e+00,-3.920398235321044922e+00,-4.492101192474365234e+00,-3.169649124145507812e+00,-2.101038932800292969e+00
-3.260800838470458984e+00,-5.097400665283203125e+00,-8.807589530944824219e+00,-6.165965080261230469e+00,-9.334927558898925781e+00,-6.138924121856689453e+00,-7.827433586120605469e+00,-3.921404361724853516e+00,-3.571175575256347656e+00,-2.083062410354614258e+00,-8.993421792984008789e-01
-3.020113468170166016e+00,-5.344027996063232422e+00,-9.449321746826171875e+00,-6.656688690185546875e+00,-1.017642307281494141e+01,-6.014242649078369141e+00,-7.373598098754882812e+00,-4.414656162261962891e+00,-4.451092720031738281e+00,-2.938956737518310547e+00,-2.238191127777099609e+00
-3.799388885498046875e+00,-4.276574134826660156e+00,-9.051975250244140625e+00,-4.869920253753662109e+00,-7.630230426788330078e+00,-1.476894378662109375e+00,-4.932346343994140625e+00,-1.719579935073852539e+00,-3.088637351989746094e+00,-2.307710170745849609e+00,-7.399067282676696777e-01
-3.610288143157958984e+00,-3.990396022796630859e+00,-8.863524436950683594e+00,-4.386240959167480469e+00,-6.917153835296630859e+00,-1.258642435073852539e+00,-4.764780044555664062e+00,-1.116797208786010742e+00,-2.523460865020751953e+00,-2.082155227661132812e+00,-5.383822917938232422e-01
-4.015560150146484375e+00,-4.449666976928710938e+00,-9.314563751220703125e+00,-4.522824764251708984e+00,-7.345884799957275391e+00,-1.279877066612243652e+00,-5.074771881103515625e+00,-1.180396795272827148e+00,-2.817737102508544922e+00,-2.176194190979003906e+00,-6.071435213088989258e-01
-2.182833194732666016e+00,-3.617545127868652344e+00,-8.438500404357910156e+00,-4.731001377105712891e+00,-6.417436122894287109e+00,-2.718717336654663086e+00,-4.960767745971679688e+00,-1.140663623809814453e+00,-1.908602952957153320e+00,-1.131704330444335938e+00,-1.870543062686920166e-01
-2.434144973754882812e+00,-3.861747741699218750e+00,-8.000537872314453125e+00,-3.961782693862915039e+00,-6.193064212799072266e+00,-1.307874917984008789e+00,-5.091268539428710938e+00,-8.147640228271484375e-01,-1.493952035903930664e+00,-7.508906126022338867e-01,4.927468597888946533e-01
-3.017909526824951172e+00,-4.736646175384521484e+00,-8.923083305358886719e+00,-5.477029800415039062e+00,-8.337719917297363281e+00,-3.954560279846191406e+00,-5.103003501892089844e+00,-4.894629001617431641e+00,-2.122278928756713867e+00,-2.360375165939331055e+00,-1.740953922271728516e+00
-3.737888813018798828e+00,-5.020213603973388672e+00,-9.925262451171875000e+00,-5.981913566589355469e+00,-9.608320236206054688e+00,-5.119680881500244141e+00,-5.409908294677734375e+00,-3.889767646789550781e+00,-4.000135898590087891e+00,-2.448878765106201172e+00,-1.280378818511962891e+00
-1.183243036270141602e+00,-1.907013058662414551e+00,-6.756500244140625000e+00,-3.662699460983276367e+00,-4.701437950134277344e+00,-1.148622751235961914e+00,-3.902777671813964844e+00,-2.501610219478607178e-01,-1.055717229843139648e+00,-2.590172886848449707e-01,1.403219223022460938e+00
-3.007611751556396484e+00,-3.800721168518066406e+00,-8.952082633972167969e+00,-4.738881111145019531e+00,-6.880059719085693359e+00,-2.874525308609008789e+00,-4.473815917968750000e+00,-2.219675779342651367e+00,-2.282722234725952148e+00,-1.389628171920776367e+00,3.332797288894653320e-01
-3.822157382965087891e+00,-4.961266517639160156e+00,-9.584616661071777344e+00,-5.421507835388183594e+00,-8.755998611450195312e+00,-4.328752040863037109e+00,-4.705771446228027344e+00,-3.125686645507812500e+00,-3.269323825836181641e+00,-2.090171813964843750e+00,-7.027976512908935547e-01
-8.990181684494018555e-01,-3.606254100799560547e+00,-6.619003772735595703e+00,-5.225930213928222656e+00,-9.547734260559082031e+00,-6.035488605499267578e+00,-6.201873779296875000e+00,-3.850180149078369141e+00,-2.492110252380371094e+00,-2.048302173614501953e+00,-1.668350934982299805e+00
-8.167029619216918945e-01,-3.547261238098144531e+00,-6.620267391204833984e+00,-5.342109680175781250e+00,-9.607460975646972656e+00,-6.048411846160888672e+00,-6.336660385131835938e+00,-4.045689105987548828e+00,-2.367639064788818359e+00,-1.918309807777404785e+00,-1.643927454948425293e+00
-2.053552389144897461e+00,-3.938591003417968750e+00,-7.975830078125000000e+00,-4.985667228698730469e+00,-7.899837017059326172e+00,-4.477095603942871094e+00,-5.493814468383789062e+00,-2.117445468902587891e+00,-2.284348011016845703e+00,-1.468180298805236816e+00,-5.693506598472595215e-01
-6.565411090850830078e-01,-3.251429080963134766e+00,-5.978162288665771484e+00,-4.685859680175781250e+00,-8.246530532836914062e+00,-4.911736011505126953e+00,-5.206372261047363281e+00,-2.549388647079467773e+00,-2.104772329330444336e+00,-1.230188012123107910e+00,-4.402081966400146484e-01
-1.283327460289001465e+00,-3.918257236480712891e+00,-7.485518932342529297e+00,-5.373160362243652344e+00,-9.725784301757812500e+00,-5.674048423767089844e+00,-6.547113418579101562e+00,-3.397161483764648438e+00,-3.090961694717407227e+00,-1.931806445121765137e+00,-1.188616156578063965e+00
-1.359521746635437012e+00,-3.012009143829345703e+00,-7.258977890014648438e+00,-4.592986106872558594e+00,-6.659825325012207031e+00,-3.858849048614501953e+00,-5.560809135437011719e+00,-9.760548472404479980e-01,-1.821794271469116211e+00,-8.947787284851074219e-01,3.105714917182922363e-01
-6.658491492271423340e-01,-3.144156455993652344e+00,-6.034292221069335938e+00,-4.569540500640869141e+00,-7.833694934844970703e+00,-4.650905609130859375e+00,-5.605128288269042969e+00,-2.162749528884887695e+00,-2.015526056289672852e+00,-1.228769540786743164e+00,-2.567042112350463867e-01
-2.530059814453125000e+00,-4.065649509429931641e+00,-8.455290794372558594e+00,-4.785594940185546875e+00,-8.409729957580566406e+00,-3.038340091705322266e+00,-5.423457145690917969e+00,-2.253151178359985352e+00,-2.350714445114135742e+00,-1.227444410324096680e+00,-1.848270297050476074e-01
-8.623923063278198242e-01,-1.707885265350341797e+00,-6.486622810363769531e+00,-3.464248895645141602e+00,-4.724359512329101562e+00,-1.607977986335754395e+00,-3.534238338470458984e+00,-4.608075618743896484e-01,-1.148107767105102539e+00,-4.621909558773040771e-01,1.460859298706054688e+00
-9.867542982101440430e-01,-3.430133819580078125e+00,-6.276478290557861328e+00,-4.751823425292968750e+00,-8.159784317016601562e+00,-4.349032402038574219e+00,-5.607789993286132812e+00,-2.845367908477783203e+00,-1.829925775527954102e+00,-1.247016787528991699e+00,-3.993374705314636230e-01
-3.090085506439208984e+00,-3.690670967102050781e+00,-8.613641738891601562e+00,-4.972007751464843750e+00,-9.003034591674804688e+00,-3.276978492736816406e+00,-5.216387748718261719e+00,-2.762033939361572266e+00,-3.438836097717285156e+00,-2.725812435150146484e+00,-7.973830699920654297e-01
-2.611360073089599609e+00,-3.430970191955566406e+00,-8.440326690673828125e+00,-4.401831626892089844e+00,-7.850997447967529297e+00,-2.215122461318969727e+00,-4.869165420532226562e+00,-2.165270328521728516e+00,-2.654968976974487305e+00,-2.014444828033447266e+00,-2.763820290565490723e-01
-2.177848339080810547e+00,-3.369784355163574219e+00,-7.563354492187500000e+00,-4.234766960144042969e+00,-8.125658988952636719e+00,-3.504514455795288086e+00,-4.696492195129394531e+00,-2.777264356613159180e+00,-2.814642667770385742e+00,-1.774889111518859863e+00,-2.888089418411254883e-01
-1.837606072425842285e+00,-3.400682449340820312e+00,-6.867834568023681641e+00,-3.746181726455688477e+00,-8.104641914367675781e+00,-3.681705951690673828e+00,-4.523913383483886719e+00,-2.366498947143554688e+00,-2.064246177673339844e+00,-1.566254854202270508e+00,9.156659245491027832e-03
-1.933510661125183105e+00,-3.352684497833251953e+00,-7.965886592864990234e+00,-3.602587938308715820e+00,-7.274101734161376953e+00,-2.984842300415039062e+00,-3.738796472549438477e+00,-2.882505893707275391e+00,-1.991047620773315430e+00,-1.484896183013916016e+00,1.158844083547592163e-01
-2.053965568542480469e+00,-3.335059642791748047e+00,-7.658853054046630859e+00,-4.438496112823486328e+00,-8.488675117492675781e+00,-3.653599023818969727e+00,-4.754140853881835938e+00,-2.786761760711669922e+00,-2.949985504150390625e+00,-1.822941422462463379e+00,-3.740667104721069336e-01
-1.885804057121276855e+00,-3.360566139221191406e+00,-7.050549507141113281e+00,-3.722156763076782227e+00,-7.831107616424560547e+00,-3.377411842346191406e+00,-4.301427841186523438e+00,-2.646209001541137695e+00,-2.259436368942260742e+00,-1.625160336494445801e+00,-6.581909954547882080e-02
-2.134704828262329102e+00,-3.397412776947021484e+00,-7.602216243743896484e+00,-3.425143957138061523e+00,-7.644982814788818359e+00,-3.614143848419189453e+00,-4.005297660827636719e+00,-2.920798301696777344e+00,-1.977713108062744141e+00,-1.558432698249816895e+00,3.512871265411376953e-02
-2.000049591064453125e+00,-3.495965480804443359e+00,-8.088813781738281250e+00,-3.480159759521484375e+00,-7.298673629760742188e+00,-2.958883047103881836e+00,-3.684493780136108398e+00,-3.197997093200683594e+00,-1.899128198623657227e+00,-1.307813882827758789e+00,3.231117129325866699e-01
-2.046862602233886719e+00,-3.601930618286132812e+00,-7.946746349334716797e+00,-3.224778890609741211e+00,-7.844698429107666016e+00,-3.706034660339355469e+00,-3.525853633880615234e+00,-3.430060386657714844e+00,-2.142907381057739258e+00,-1.641374588012695312e+00,-1.988643407821655273e-01
-3.401034355163574219e+00,-4.336381435394287109e+00,-8.610839843750000000e+00,-4.891788005828857422e+00,-8.676013946533203125e+00,-2.701846837997436523e+00,-5.602370262145996094e+00,-3.036931514739990234e+00,-3.550836324691772461e+00,-2.575883388519287109e+00,-8.988697528839111328e-01
-2.878102302551269531e+00,-3.793563842773437500e+00,-8.110098838806152344e+00,-4.899319648742675781e+00,-9.025155067443847656e+00,-4.162691593170166016e+00,-5.163505554199218750e+00,-2.825641155242919922e+00,-3.706429958343505859e+00,-2.490882396697998047e+00,-8.707815408706665039e-01
-2.915589332580566406e+00,-4.069639205932617188e+00,-8.146066665649414062e+00,-4.722343444824218750e+00,-8.859023094177246094e+00,-3.093069553375244141e+00,-5.352013587951660156e+00,-2.832228422164916992e+00,-3.376021146774291992e+00,-2.533310890197753906e+00,-8.207647204399108887e-01
-2.298575639724731445e+00,-3.732556343078613281e+00,-7.752420902252197266e+00,-4.092426300048828125e+00,-8.068277359008789062e+00,-3.349877119064331055e+00,-4.604709625244140625e+00,-2.834395885467529297e+00,-2.798550605773925781e+00,-2.196579933166503906e+00,-7.001504898071289062e-01
-2.371929645538330078e+00,-4.205871582031250000e+00,-7.795362949371337891e+00,-4.043014526367187500e+00,-8.620531082153320312e+00,-3.462241888046264648e+00,-4.220430374145507812e+00,-3.034462451934814453e+00,-2.767453908920288086e+00,-2.474997997283935547e+00,-9.561853408813476562e-01
-2.600899219512939453e+00,-3.622125148773193359e+00,-8.592221260070800781e+00,-3.391284227371215820e+00,-7.833767890930175781e+00,-3.647933721542358398e+00,-3.856845855712890625e+00,-3.196502923965454102e+00,-2.237927675247192383e+00,-2.253236770629882812e+00,-5.609816908836364746e-01
-2.060219287872314453e+00,-4.416108131408691406e+00,-9.186846733093261719e+00,-2.857219696044921875e+00,-6.424226760864257812e+00,-2.354882717132568359e+00,-2.902745008468627930e+00,-3.470472335815429688e+00,-1.641098022460937500e+00,-2.143143653869628906e+00,-5.221779346466064453e-01
-1.924325108528137207e+00,-3.937437534332275391e+00,-8.576296806335449219e+00,-3.665359020233154297e+00,-8.879689216613769531e+00,-3.373627185821533203e+00,-3.998278617858886719e+00,-3.560787677764892578e+00,-2.546796321868896484e+00,-2.007295131683349609e+00,-6.640913486480712891e-01
-1.971645951271057129e+00,-3.707113742828369141e+00,-6.904783725738525391e+00,-3.935343027114868164e+00,-8.160423278808593750e+00,-3.555801391601562500e+00,-4.694009304046630859e+00,-2.574073314666748047e+00,-2.449186801910400391e+00,-1.774824380874633789e+00,-6.602025032043457031e-02
-1.875206470489501953e+00,-4.168566703796386719e+00,-7.831785678863525391e+00,-3.304176330566406250e+00,-7.802570819854736328e+00,-3.016147851943969727e+00,-3.548902750015258789e+00,-3.108995437622070312e+00,-1.872037172317504883e+00,-1.830346226692199707e+00,-1.606194972991943359e-01
-2.848307609558105469e+00,-4.230141639709472656e+00,-8.399801254272460938e+00,-3.680904865264892578e+00,-8.822206497192382812e+00,-5.671837329864501953e+00,-5.245382308959960938e+00,-4.201169013977050781e+00,-2.620217800140380859e+00,-1.984585165977478027e+00,-8.559010028839111328e-01
-2.664019584655761719e+00,-4.524402618408203125e+00,-7.902483463287353516e+00,-4.069171905517578125e+00,-8.399602890014648438e+00,-4.959626674652099609e+00,-4.506884574890136719e+00,-3.851987361907958984e+00,-3.091025829315185547e+00,-1.746795058250427246e+00,-7.775900363922119141e-01
-3.162649631500244141e+00,-4.831497192382812500e+00,-8.909362792968750000e+00,-4.782334804534912109e+00,-9.992400169372558594e+00,-5.505354404449462891e+00,-4.265174865722656250e+00,-4.472001075744628906e+00,-3.596031427383422852e+00,-3.092034339904785156e+00,-1.752492308616638184e+00
-2.582123279571533203e+00,-3.683962821960449219e+00,-7.784874439239501953e+00,-3.398746967315673828e+00,-8.207325935363769531e+00,-4.526080608367919922e+00,-4.856679916381835938e+00,-3.024700164794921875e+00,-1.962689399719238281e+00,-1.509897947311401367e+00,-6.093919277191162109e-03
-3.274566173553466797e+00,-4.415183067321777344e+00,-8.994480133056640625e+00,-4.819416046142578125e+00,-9.765635490417480469e+00,-5.368286609649658203e+00,-4.431999206542968750e+00,-4.198695182800292969e+00,-3.705262660980224609e+00,-3.082590579986572266e+00,-1.785887718200683594e+00
-3.142219066619873047e+00,-4.563838005065917969e+00,-8.830874443054199219e+00,-4.807275772094726562e+00,-1.001635074615478516e+01,-5.497154235839843750e+00,-4.189640045166015625e+00,-4.422007083892822266e+00,-3.529177188873291016e+00,-3.019335746765136719e+00,-1.641127824783325195e+00
-3.163209438323974609e+00,-4.402425765991210938e+00,-8.687441825866699219e+00,-4.887911796569824219e+00,-9.717594146728515625e+00,-5.246540546417236328e+00,-4.361324310302734375e+00,-4.278843879699707031e+00,-3.647663116455078125e+00,-3.020480155944824219e+00,-1.780811667442321777e+00
-3.052769184112548828e+00,-3.786582946777343750e+00,-8.393464088439941406e+00,-4.646608352661132812e+00,-9.646982192993164062e+00,-4.988764286041259766e+00,-4.797280311584472656e+00,-3.442657947540283203e+00,-3.494718074798583984e+00,-2.917678833007812500e+00,-1.506001234054565430e+00
-3.193825721740722656e+00,-4.362567901611328125e+00,-8.901970863342285156e+00,-4.857190608978271484e+00,-9.994854927062988281e+00,-5.447183609008789062e+00,-4.260704040527343750e+00,-4.342475414276123047e+00,-3.613163709640502930e+00,-3.103935241699218750e+00,-1.664736509323120117e+00
-2.623700141906738281e+00,-3.686885356903076172e+00,-7.608365058898925781e+00,-4.160557746887207031e+00,-9.024581909179687500e+00,-4.678578376770019531e+00,-4.781764030456542969e+00,-2.999579906463623047e+00,-2.707187414169311523e+00,-2.234861850738525391e+00,-9.347434043884277344e-01
-3.945436000823974609e+00,-6.335911273956298828e+00,-9.869988441467285156e+00,-5.009126663208007812e+00,-7.451754093170166016e+00,-4.623751640319824219e+00,-7.676236152648925781e+00,-4.909677982330322266e+00,-3.087089061737060547e+00,-2.940089702606201172e+00,-1.550876975059509277e+00
-3.810882091522216797e+00,-5.308437824249267578e+00,-1.021216773986816406e+01,-5.515773773193359375e+00,-8.402492523193359375e+00,-4.011260986328125000e+00,-7.298463821411132812e+00,-4.093299865722656250e+00,-3.935603141784667969e+00,-2.638350486755371094e+00,-1.089290142059326172e+00
-3.810617446899414062e+00,-5.502213478088378906e+00,-9.474146842956542969e+00,-4.919407844543457031e+00,-8.562404632568359375e+00,-1.455781459808349609e+00,-5.887037277221679688e+00,-2.959683895111083984e+00,-3.101834297180175781e+00,-2.148864030838012695e+00,-7.118911743164062500e-01
-4.487963199615478516e+00,-6.082592487335205078e+00,-1.080819797515869141e+01,-4.934891700744628906e+00,-8.235898971557617188e+00,-1.768661737442016602e+00,-5.712388038635253906e+00,-4.454669952392578125e+00,-3.606576919555664062e+00,-2.430875778198242188e+00,-8.079936504364013672e-01
-3.877191543579101562e+00,-5.913327217102050781e+00,-9.990821838378906250e+00,-4.493209838867187500e+00,-7.863811016082763672e+00,-1.418625235557556152e+00,-5.635749816894531250e+00,-4.052333831787109375e+00,-3.019116401672363281e+00,-2.133848190307617188e+00,-5.753415226936340332e-01
-3.690256118774414062e+00,-5.436223983764648438e+00,-9.809807777404785156e+00,-5.504481315612792969e+00,-8.734532356262207031e+00,-2.477581739425659180e+00,-6.524417877197265625e+00,-3.415692806243896484e+00,-3.987549304962158203e+00,-2.833271980285644531e+00,-1.267851471900939941e+00
-3.037748813629150391e+00,-5.211544990539550781e+00,-8.830046653747558594e+00,-4.714179039001464844e+00,-8.183940887451171875e+00,-1.568273544311523438e+00,-6.336579322814941406e+00,-3.083881855010986328e+00,-2.951507091522216797e+00,-2.166656494140625000e+00,-5.109117627143859863e-01
-4.029359817504882812e+00,-5.939629077911376953e+00,-9.804130554199218750e+00,-4.621040344238281250e+00,-8.202111244201660156e+00,-1.379068851470947266e+00,-5.708647727966308594e+00,-4.022365570068359375e+00,-3.052889823913574219e+00,-2.074661731719970703e+00,-6.844046115875244141e-01
-3.836656570434570312e+00,-5.339334487915039062e+00,-9.773637771606445312e+00,-5.712667465209960938e+00,-8.675123214721679688e+00,-2.706963777542114258e+00,-7.160049438476562500e+00,-3.173860311508178711e+00,-3.945729255676269531e+00,-2.915713787078857422e+00,-1.477923393249511719e+00
-1.658673286437988281e+00,-4.761712074279785156e+00,-6.817305088043212891e+00,-4.838703632354736328e+00,-8.774881362915039062e+00,-1.994542837142944336e+00,-6.098562240600585938e+00,-2.225859880447387695e+00,-2.953742027282714844e+00,-2.012178659439086914e+00,-4.813944697380065918e-01
-4.079344272613525391e+00,-5.389655113220214844e+00,-9.539963722229003906e+00,-5.546737670898437500e+00,-7.484190464019775391e+00,-5.984098434448242188e+00,-7.205619812011718750e+00,-2.131220102310180664e+00,-3.871719360351562500e+00,-2.230082035064697266e+00,-1.328775525093078613e+00
-4.098439693450927734e+00,-5.363370895385742188e+00,-9.593098640441894531e+00,-5.541721343994140625e+00,-7.717453002929687500e+00,-5.959859371185302734e+00,-7.115745544433593750e+00,-2.118974924087524414e+00,-3.896049499511718750e+00,-2.304070472717285156e+00,-1.356798887252807617e+00
-4.037566184997558594e+00,-5.187719345092773438e+00,-9.560934066772460938e+00,-5.601987838745117188e+00,-7.538405895233154297e+00,-6.053527355194091797e+00,-7.252292633056640625e+00,-2.187681913375854492e+00,-4.010703563690185547e+00,-2.015943527221679688e+00,-1.271859049797058105e+00
-3.942105293273925781e+00,-5.248195648193359375e+00,-9.367213249206542969e+00,-5.449386596679687500e+00,-7.638185024261474609e+00,-5.881793498992919922e+00,-7.051406860351562500e+00,-2.253106117248535156e+00,-3.999236106872558594e+00,-2.126579761505126953e+00,-1.293201923370361328e+00
-3.958080291748046875e+00,-5.262546539306640625e+00,-9.537961959838867188e+00,-5.849429130554199219e+00,-7.698050022125244141e+00,-6.070139408111572266e+00,-7.159255027770996094e+00,-2.970677614212036133e+00,-4.225916385650634766e+00,-2.254017829895019531e+00,-1.363157033920288086e+00
-3.852999210357666016e+00,-5.229032039642333984e+00,-9.407244682312011719e+00,-5.373280525207519531e+00,-7.790186405181884766e+00,-6.019093990325927734e+00,-7.133805274963378906e+00,-2.142786026000976562e+00,-3.881720542907714844e+00,-2.180079460144042969e+00,-1.330733895301818848e+00
-4.219130039215087891e+00,-5.335952758789062500e+00,-9.932103157043457031e+00,-5.650353431701660156e+00,-7.317821025848388672e+00,-5.920626163482666016e+00,-7.290595054626464844e+00,-2.779297828674316406e+00,-4.096879959106445312e+00,-2.303029060363769531e+00,-1.416301608085632324e+00
-3.644832134246826172e+00,-5.097377777099609375e+00,-9.188941001892089844e+00,-5.477560997009277344e+00,-7.819982051849365234e+00,-5.946943759918212891e+00,-7.184655189514160156e+00,-2.286478281021118164e+00,-4.039267063140869141e+00,-2.081071376800537109e+00,-1.340867638587951660e+00
-3.902648925781250000e+00,-5.138326644897460938e+00,-9.397990226745605469e+00,-5.645135879516601562e+00,-7.633160114288330078e+00,-6.144186019897460938e+00,-7.105193138122558594e+00,-2.615585327148437500e+00,-4.190823078155517578e+00,-2.123138904571533203e+00,-1.296496272087097168e+00
-4.210157394409179688e+00,-5.235641479492187500e+00,-9.348883628845214844e+00,-5.478364944458007812e+00,-7.539300441741943359e+00,-5.263587951660156250e+00,-6.896134376525878906e+00,-2.585579872131347656e+00,-4.024079322814941406e+00,-1.980928540229797363e+00,-1.251666903495788574e+00
-3.467272281646728516e+00,-5.112017631530761719e+00,-8.913554191589355469e+00,-5.881491661071777344e+00,-8.165311813354492188e+00,-6.597770690917968750e+00,-7.295396804809570312e+00,-3.000373840332031250e+00,-4.075020313262939453e+00,-2.023262500762939453e+00,-1.121880531311035156e+00
-3.483690261840820312e+00,-4.989541053771972656e+00,-8.834190368652343750e+00,-5.758347511291503906e+00,-8.130994796752929688e+00,-6.523246288299560547e+00,-7.003701210021972656e+00,-3.074650526046752930e+00,-4.079643249511718750e+00,-2.074706077575683594e+00,-1.210177421569824219e+00
-3.547588825225830078e+00,-4.656514167785644531e+00,-8.703790664672851562e+00,-5.464791297912597656e+00,-8.058641433715820312e+00,-6.241931438446044922e+00,-6.349413871765136719e+00,-2.848698139190673828e+00,-4.030805587768554688e+00,-1.946087956428527832e+00,-1.077251195907592773e+00
-3.492925643920898438e+00,-4.740529537200927734e+00,-8.643588066101074219e+00,-5.552421569824218750e+00,-8.398505210876464844e+00,-6.319824218750000000e+00,-6.751147270202636719e+00,-2.998924016952514648e+00,-4.057880401611328125e+00,-1.905085921287536621e+00,-1.101381063461303711e+00
-3.495460987091064453e+00,-4.944657325744628906e+00,-9.068669319152832031e+00,-5.758595466613769531e+00,-8.037511825561523438e+00,-6.514396190643310547e+00,-6.968679428100585938e+00,-3.098603725433349609e+00,-4.147910118103027344e+00,-2.179633617401123047e+00,-1.281585574150085449e+00
-3.608116626739501953e+00,-4.892335414886474609e+00,-9.207519531250000000e+00,-6.022218704223632812e+00,-8.094516754150390625e+00,-6.677916049957275391e+00,-7.095018386840820312e+00,-3.242113590240478516e+00,-4.187153339385986328e+00,-2.104561328887939453e+00,-1.173914790153503418e+00
-3.484002590179443359e+00,-4.500756263732910156e+00,-8.376323699951171875e+00,-5.287831306457519531e+00,-7.983816623687744141e+00,-6.125598907470703125e+00,-5.827611923217773438e+00,-2.819841384887695312e+00,-3.997375249862670898e+00,-1.880231499671936035e+00,-8.699079751968383789e-01
-3.405586242675781250e+00,-4.750893592834472656e+00,-8.348479270935058594e+00,-5.514050483703613281e+00,-8.194504737854003906e+00,-6.306485652923583984e+00,-6.178479194641113281e+00,-3.313373565673828125e+00,-4.043788433074951172e+00,-1.900887131690979004e+00,-9.063889980316162109e-01
-3.577003002166748047e+00,-4.531030178070068359e+00,-8.729971885681152344e+00,-5.359062194824218750e+00,-7.987660884857177734e+00,-6.196911334991455078e+00,-6.064072608947753906e+00,-2.771105051040649414e+00,-4.041766166687011719e+00,-1.984945416450500488e+00,-1.031253337860107422e+00
-3.443269729614257812e+00,-4.872263908386230469e+00,-8.612031936645507812e+00,-5.686685562133789062e+00,-8.369515419006347656e+00,-6.446422100067138672e+00,-6.730323791503906250e+00,-3.361005783081054688e+00,-4.131516456604003906e+00,-2.042596817016601562e+00,-1.156859159469604492e+00
-4.374853610992431641e+00,-5.822179794311523438e+00,-9.991065979003906250e+00,-5.458146095275878906e+00,-9.106357574462890625e+00,-5.333842754364013672e+00,-7.510056495666503906e+00,-5.631796360015869141e+00,-3.791785240173339844e+00,-2.227737903594970703e+00,-1.250985264778137207e+00
-2.767010211944580078e+00,-6.148508548736572266e+00,-1.016314983367919922e+01,-4.869133472442626953e+00,-9.362055778503417969e+00,-2.917561292648315430e+00,-7.721284866333007812e+00,-5.739235877990722656e+00,-3.001761198043823242e+00,-2.377934455871582031e+00,-5.682549476623535156e-01
-2.832379817962646484e+00,-6.029163837432861328e+00,-1.011646747589111328e+01,-4.875858306884765625e+00,-9.229576110839843750e+00,-2.908522605895996094e+00,-7.801351547241210938e+00,-5.562114715576171875e+00,-3.149012804031372070e+00,-2.445769309997558594e+00,-5.602197647094726562e-01
-2.954144001007080078e+00,-6.204762935638427734e+00,-1.000959491729736328e+01,-4.942500591278076172e+00,-9.420634269714355469e+00,-2.507515192031860352e+00,-7.791988372802734375e+00,-5.814141273498535156e+00,-2.984203815460205078e+00,-2.435199260711669922e+00,-6.408711075782775879e-01
-2.523050785064697266e+00,-6.250824451446533203e+00,-1.024656486511230469e+01,-4.652437686920166016e+00,-9.567337036132812500e+00,-2.482574939727783203e+00,-7.806077003479003906e+00,-5.945945739746093750e+00,-2.906718254089355469e+00,-2.554420948028564453e+00,-4.431603550910949707e-01
-2.473474979400634766e+00,-6.349744796752929688e+00,-1.041479492187500000e+01,-4.554428100585937500e+00,-9.668629646301269531e+00,-2.415223836898803711e+00,-7.959648132324218750e+00,-6.148600101470947266e+00,-2.969264268875122070e+00,-2.660034179687500000e+00,-3.493675887584686279e-01
-2.473090171813964844e+00,-6.303979873657226562e+00,-1.042779254913330078e+01,-4.582400798797607422e+00,-9.713494300842285156e+00,-2.439088821411132812e+00,-7.904606819152832031e+00,-6.118542194366455078e+00,-2.913979530334472656e+00,-2.646780014038085938e+00,-3.922150731086730957e-01
-2.481753349304199219e+00,-6.293307304382324219e+00,-1.047062587738037109e+01,-4.593355178833007812e+00,-9.568226814270019531e+00,-2.407486915588378906e+00,-7.913783073425292969e+00,-6.086954116821289062e+00,-2.972731113433837891e+00,-2.629621982574462891e+00,-3.486644029617309570e-01
-2.465516090393066406e+00,-6.301019191741943359e+00,-1.046671676635742188e+01,-4.610199451446533203e+00,-9.613146781921386719e+00,-2.436004400253295898e+00,-7.900787353515625000e+00,-6.114857196807861328e+00,-2.970335483551025391e+00,-2.638405799865722656e+00,-3.687098324298858643e-01
-2.493009090423583984e+00,-6.222337722778320312e+00,-1.011392307281494141e+01,-4.631675720214843750e+00,-9.650980949401855469e+00,-2.500974893569946289e+00,-7.838875770568847656e+00,-6.029052734375000000e+00,-2.838903903961181641e+00,-2.503020286560058594e+00,-4.293265938758850098e-01
