-3.214758157730102539e+00,-4.646589279174804688e+00,-9.738983154296875000e+00,-5.373247146606445312e+00,-8.942439079284667969e+00,-4.414498805999755859e+00,-7.560434341430664062e+00,-4.431294441223144531e+00,-3.740594863891601562e+00
-2.882060766220092773e+00,-4.992473125457763672e+00,-9.649085998535156250e+00,-4.000977993011474609e+00,-8.570459365844726562e+00,-3.066825866699218750e+00,-5.994491100311279297e+00,-4.097542285919189453e+00,-2.771273136138916016e+00
-3.163336992263793945e+00,-4.798872470855712891e+00,-9.617399215698242188e+00,-4.937559127807617188e+00,-8.891332626342773438e+00,-3.933373451232910156e+00,-7.328199386596679688e+00,-3.070783615112304688e+00,-3.348903179168701172e+00
-2.606667518615722656e+00,-4.769340038299560547e+00,-8.883193016052246094e+00,-4.277178764343261719e+00,-8.657596588134765625e+00,-2.906902790069580078e+00,-6.163719654083251953e+00,-3.738884925842285156e+00,-2.878825187683105469e+00
-2.740726709365844727e+00,-4.493550300598144531e+00,-9.178427696228027344e+00,-4.100136756896972656e+00,-8.224351882934570312e+00,-3.707331180572509766e+00,-5.456533432006835938e+00,-3.864824295043945312e+00,-3.106076240539550781e+00
-2.566937685012817383e+00,-4.948277950286865234e+00,-8.805381774902343750e+00,-4.305252075195312500e+00,-8.869277954101562500e+00,-3.474180698394775391e+00,-6.344898223876953125e+00,-4.034073352813720703e+00,-3.093103408813476562e+00
-2.699849367141723633e+00,-4.614430427551269531e+00,-8.888498306274414062e+00,-4.276952743530273438e+00,-8.718278884887695312e+00,-3.348549604415893555e+00,-6.641058921813964844e+00,-2.482292413711547852e+00,-2.924941301345825195e+00
-2.689034223556518555e+00,-4.553960800170898438e+00,-8.960959434509277344e+00,-4.406321525573730469e+00,-8.275529861450195312e+00,-4.234302520751953125e+00,-5.883638381958007812e+00,-4.310376167297363281e+00,-3.491090774536132812e+00
-3.067508459091186523e+00,-5.004331588745117188e+00,-8.997416496276855469e+00,-4.320333480834960938e+00,-9.400186538696289062e+00,-4.582623958587646484e+00,-6.826365947723388672e+00,-3.601214885711669922e+00,-3.047750949859619141e+00
-2.774661779403686523e+00,-4.564617156982421875e+00,-8.823891639709472656e+00,-4.384710311889648438e+00,-8.605141639709472656e+00,-3.299348115921020508e+00,-6.063565254211425781e+00,-2.882917881011962891e+00,-3.203343868255615234e+00
-3.803239107131958008e+00,-5.744840621948242188e+00,-1.039243793487548828e+01,-4.451341629028320312e+00,-7.723229885101318359e+00,-5.688277721405029297e+00,-6.146601676940917969e+00,-3.842519760131835938e+00,-3.507118225097656250e+00
-3.791708469390869141e+00,-5.697645187377929688e+00,-1.026056289672851562e+01,-4.460963726043701172e+00,-7.724972724914550781e+00,-5.781175136566162109e+00,-6.279991149902343750e+00,-3.780986547470092773e+00,-3.543795585632324219e+00
-3.848532438278198242e+00,-5.774305820465087891e+00,-1.036817550659179688e+01,-4.481982231140136719e+00,-7.749214172363281250e+00,-5.713123798370361328e+00,-6.199554443359375000e+00,-3.818687915802001953e+00,-3.507655620574951172e+00
-3.825493097305297852e+00,-5.716343402862548828e+00,-1.041428661346435547e+01,-4.492002964019775391e+00,-7.796205043792724609e+00,-5.734473228454589844e+00,-6.191594123840332031e+00,-3.547576427459716797e+00,-3.556882381439208984e+00
-3.790357828140258789e+00,-5.748553752899169922e+00,-1.035289096832275391e+01,-4.437871456146240234e+00,-7.717967987060546875e+00,-5.806140899658203125e+00,-6.175493240356445312e+00,-3.755010843276977539e+00,-3.515881061553955078e+00
-3.778984546661376953e+00,-5.729363918304443359e+00,-1.034053421020507812e+01,-4.445817470550537109e+00,-7.721507072448730469e+00,-5.746329307556152344e+00,-6.192299842834472656e+00,-3.766914129257202148e+00,-3.545170783996582031e+00
-3.404627084732055664e+00,-5.012354373931884766e+00,-9.079893112182617188e+00,-4.893386840820312500e+00,-8.249544143676757812e+00,-5.601113319396972656e+00,-6.031348228454589844e+00,-3.930679798126220703e+00,-3.740787982940673828e+00
-3.757673740386962891e+00,-5.704195499420166016e+00,-1.035834980010986328e+01,-4.428225517272949219e+00,-7.744890213012695312e+00,-5.713583946228027344e+00,-6.195575714111328125e+00,-3.635680675506591797e+00,-3.539364576339721680e+00
-3.810947656631469727e+00,-5.853461742401123047e+00,-1.042716884613037109e+01,-4.446667671203613281e+00,-7.746775150299072266e+00,-5.772341728210449219e+00,-6.170199394226074219e+00,-3.789638996124267578e+00,-3.516644239425659180e+00
-3.782905340194702148e+00,-5.762199401855468750e+00,-1.039852428436279297e+01,-4.455141067504882812e+00,-7.739078044891357422e+00,-5.817493438720703125e+00,-6.225855350494384766e+00,-3.700140476226806641e+00,-3.550331115722656250e+00
-3.261532783508300781e+00,-5.655662536621093750e+00,-9.344026565551757812e+00,-5.755432128906250000e+00,-9.974569320678710938e+00,-5.870967864990234375e+00,-8.032761573791503906e+00,-3.700947284698486328e+00,-3.642052888870239258e+00
-2.771739244461059570e+00,-5.541647434234619141e+00,-9.195128440856933594e+00,-5.728272438049316406e+00,-1.001121330261230469e+01,-5.798071861267089844e+00,-7.897537231445312500e+00,-3.250447273254394531e+00,-3.686135768890380859e+00
-3.016111135482788086e+00,-5.407859802246093750e+00,-9.424214363098144531e+00,-5.721591949462890625e+00,-9.933601379394531250e+00,-5.581671714782714844e+00,-7.808612823486328125e+00,-3.212852716445922852e+00,-3.626451492309570312e+00
-3.112670660018920898e+00,-5.557389259338378906e+00,-9.484589576721191406e+00,-5.772641181945800781e+00,-9.962091445922851562e+00,-5.870622634887695312e+00,-8.167627334594726562e+00,-3.540402889251708984e+00,-3.708157300949096680e+00
-3.295833110809326172e+00,-5.465340137481689453e+00,-9.826127052307128906e+00,-5.889880180358886719e+00,-9.695318222045898438e+00,-5.739563941955566406e+00,-7.986281394958496094e+00,-3.351582050323486328e+00,-3.870387315750122070e+00
-3.384617328643798828e+00,-5.459722518920898438e+00,-9.813475608825683594e+00,-5.835384368896484375e+00,-9.538834571838378906e+00,-5.311658382415771484e+00,-7.545423507690429688e+00,-3.008084058761596680e+00,-3.792923927307128906e+00
-3.741834878921508789e+00,-5.344708919525146484e+00,-1.005281162261962891e+01,-5.662283897399902344e+00,-9.677019119262695312e+00,-4.890456199645996094e+00,-7.260766029357910156e+00,-3.174275875091552734e+00,-3.638849020004272461e+00
-3.290986061096191406e+00,-5.498848915100097656e+00,-1.005490207672119141e+01,-6.141552925109863281e+00,-9.691626548767089844e+00,-5.891324996948242188e+00,-8.282183647155761719e+00,-3.503205060958862305e+00,-4.290123462677001953e+00
-3.529536008834838867e+00,-5.628778934478759766e+00,-1.016594982147216797e+01,-6.011247634887695312e+00,-9.769258499145507812e+00,-5.849194526672363281e+00,-8.252367973327636719e+00,-3.498417615890502930e+00,-4.152444839477539062e+00
-3.466780185699462891e+00,-5.367583751678466797e+00,-1.012895488739013672e+01,-5.911808013916015625e+00,-9.628871917724609375e+00,-5.085225105285644531e+00,-7.430715084075927734e+00,-3.002934932708740234e+00,-3.943648576736450195e+00
-3.670796155929565430e+00,-3.681172609329223633e+00,-9.779364585876464844e+00,-5.160095214843750000e+00,-7.304594039916992188e+00,-1.253700733184814453e+00,-5.106607437133789062e+00,-3.649712204933166504e-01,-2.770764350891113281e+00
-9.818641543388366699e-01,-1.264348745346069336e+00,-7.163717269897460938e+00,-3.339480638504028320e+00,-3.559760093688964844e+00,3.520399332046508789e-02,-3.806086778640747070e+00,1.430568456649780273e+00,-6.799064874649047852e-01
-2.731216907501220703e+00,-2.900548458099365234e+00,-8.792948722839355469e+00,-4.577066421508789062e+00,-5.976334571838378906e+00,-1.138923287391662598e+00,-4.925093173980712891e+00,4.334486126899719238e-01,-2.108069658279418945e+00
-2.485777437686920166e-02,-3.209840059280395508e-01,-6.308065414428710938e+00,-2.669931888580322266e+00,-2.144431352615356445e+00,1.351402401924133301e-01,-3.295795679092407227e+00,3.106586933135986328e+00,-2.828817367553710938e-01
-9.513846039772033691e-02,-4.526286125183105469e-01,-6.259218215942382812e+00,-2.706223011016845703e+00,-2.300984382629394531e+00,1.031891703605651855e-01,-3.314172029495239258e+00,2.510713100433349609e+00,-1.582989692687988281e-01
-1.855446457862854004e+00,-4.417051792144775391e+00,-8.256932258605957031e+00,-5.192796707153320312e+00,-9.011385917663574219e+00,-4.077785491943359375e+00,-4.916362285614013672e+00,-2.972015380859375000e+00,-2.623782634735107422e+00
-3.314370632171630859e+00,-5.513552188873291016e+00,-1.041589069366455078e+01,-6.334091186523437500e+00,-9.995821952819824219e+00,-5.729066848754882812e+00,-6.655014038085937500e+00,-3.757998704910278320e+00,-4.714938163757324219e+00
-3.008919954299926758e-02,-5.108312964439392090e-01,-6.429131507873535156e+00,-2.801963329315185547e+00,-2.281815528869628906e+00,-8.518362045288085938e-02,-3.446113586425781250e+00,2.172792911529541016e+00,-2.657850086688995361e-01
1.497021764516830444e-01,-2.936915159225463867e-01,-6.262185096740722656e+00,-2.825566291809082031e+00,-2.349876880645751953e+00,-7.198923826217651367e-02,-3.443145275115966797e+00,2.002828359603881836e+00,-3.208169341087341309e-01
-2.881268262863159180e+00,-3.305950880050659180e+00,-9.779314994812011719e+00,-4.894372940063476562e+00,-6.331235885620117188e+00,-2.502341747283935547e+00,-4.852850437164306641e+00,-1.217942714691162109e+00,-2.341665506362915039e+00
-7.926891446113586426e-01,-3.521010875701904297e+00,-6.729412078857421875e+00,-5.242878913879394531e+00,-9.387811660766601562e+00,-6.021553993225097656e+00,-6.333565235137939453e+00,-3.924689531326293945e+00,-2.374618291854858398e+00
-8.142586350440979004e-01,-3.522881031036376953e+00,-6.781561851501464844e+00,-5.288439750671386719e+00,-9.408001899719238281e+00,-6.070195198059082031e+00,-6.386286735534667969e+00,-3.962425231933593750e+00,-2.313453435897827148e+00
-2.926311492919921875e+00,-4.838011741638183594e+00,-9.501282691955566406e+00,-6.144961357116699219e+00,-9.894647598266601562e+00,-4.281070232391357422e+00,-6.824134826660156250e+00,-3.191275596618652344e+00,-3.997548103332519531e+00
-1.939016103744506836e+00,-4.276715755462646484e+00,-8.312926292419433594e+00,-5.777572631835937500e+00,-9.736213684082031250e+00,-4.920001983642578125e+00,-6.388944625854492188e+00,-3.915747165679931641e+00,-3.259223461151123047e+00
-1.022931337356567383e+00,-3.895699501037597656e+00,-7.276808738708496094e+00,-5.373608589172363281e+00,-9.651741027832031250e+00,-5.776371479034423828e+00,-6.369309425354003906e+00,-3.959557056427001953e+00,-2.630976200103759766e+00
-2.157259225845336914e+00,-4.576806545257568359e+00,-9.048735618591308594e+00,-6.130911827087402344e+00,-9.857068061828613281e+00,-4.795263767242431641e+00,-6.793162822723388672e+00,-3.067118883132934570e+00,-3.778283119201660156e+00
-7.136327624320983887e-01,-3.462986707687377930e+00,-6.419540405273437500e+00,-5.090694427490234375e+00,-9.453010559082031250e+00,-5.638415813446044922e+00,-6.188680171966552734e+00,-3.800202846527099609e+00,-2.207049608230590820e+00
-2.168124198913574219e+00,-4.251455307006835938e+00,-8.240484237670898438e+00,-5.328859329223632812e+00,-9.836211204528808594e+00,-4.214429378509521484e+00,-6.455714225769042969e+00,-3.734961271286010742e+00,-2.946622848510742188e+00
-5.717283487319946289e-01,-1.523844003677368164e+00,-6.812242507934570312e+00,-3.924878835678100586e+00,-4.361698627471923828e+00,-1.284451007843017578e+00,-4.137820720672607422e+00,-9.613138437271118164e-02,-1.458425164222717285e+00
-1.384630799293518066e+00,-3.871425867080688477e+00,-7.095983505249023438e+00,-5.014813423156738281e+00,-9.665918350219726562e+00,-5.192590236663818359e+00,-6.250211715698242188e+00,-3.775256872177124023e+00,-2.244404554367065430e+00
-3.820855379104614258e+00,-4.285199642181396484e+00,-9.869158744812011719e+00,-5.385840415954589844e+00,-9.405548095703125000e+00,-4.123018741607666016e+00,-5.594847679138183594e+00,-3.146769523620605469e+00,-3.908332347869873047e+00
-3.341766119003295898e+00,-4.348228454589843750e+00,-9.499685287475585938e+00,-4.686953544616699219e+00,-9.238048553466796875e+00,-3.613291501998901367e+00,-5.174484729766845703e+00,-2.995119094848632812e+00,-3.267169475555419922e+00
-2.937473058700561523e+00,-4.039978027343750000e+00,-9.098197937011718750e+00,-4.537968635559082031e+00,-9.103936195373535156e+00,-4.077913284301757812e+00,-4.726457595825195312e+00,-3.758539199829101562e+00,-3.156069278717041016e+00
-2.193936586380004883e+00,-4.037636756896972656e+00,-8.395802497863769531e+00,-3.930379390716552734e+00,-8.366948127746582031e+00,-3.134287118911743164e+00,-3.968369960784912109e+00,-3.476480722427368164e+00,-2.276217937469482422e+00
-2.523444652557373047e+00,-3.491087913513183594e+00,-8.624933242797851562e+00,-3.618940353393554688e+00,-8.392662048339843750e+00,-3.235420465469360352e+00,-3.279373168945312500e+00,-4.029213905334472656e+00,-2.684261083602905273e+00
-3.163600683212280273e+00,-4.036052703857421875e+00,-9.270401954650878906e+00,-4.905427932739257812e+00,-9.376620292663574219e+00,-4.720280647277832031e+00,-5.005357265472412109e+00,-4.244910240173339844e+00,-3.505355834960937500e+00
-2.693728685379028320e+00,-3.956978797912597656e+00,-8.708577156066894531e+00,-4.134593486785888672e+00,-8.627882003784179688e+00,-3.559877634048461914e+00,-4.099688053131103516e+00,-3.968938350677490234e+00,-2.791129350662231445e+00
-2.161074399948120117e+00,-3.357052564620971680e+00,-8.252762794494628906e+00,-3.274099111557006836e+00,-7.886734008789062500e+00,-2.950143098831176758e+00,-2.780000925064086914e+00,-3.742579698562622070e+00,-2.372164249420166016e+00
-2.406979799270629883e+00,-3.617694616317749023e+00,-8.388928413391113281e+00,-3.828991651535034180e+00,-8.744188308715820312e+00,-3.642639398574829102e+00,-3.653154611587524414e+00,-4.108405590057373047e+00,-2.754405021667480469e+00
-2.167977571487426758e+00,-3.180962324142456055e+00,-8.136069297790527344e+00,-3.143873929977416992e+00,-7.898777961730957031e+00,-2.928191900253295898e+00,-2.506628274917602539e+00,-3.844846248626708984e+00,-2.339747428894042969e+00
-3.405328273773193359e+00,-4.159989833831787109e+00,-8.097032546997070312e+00,-5.479914665222167969e+00,-9.406285285949707031e+00,-3.356898307800292969e+00,-5.661191940307617188e+00,-2.520042181015014648e+00,-3.892647504806518555e+00
-3.586140394210815430e+00,-4.058537483215332031e+00,-8.774824142456054688e+00,-5.422172546386718750e+00,-9.613798141479492188e+00,-4.149600505828857422e+00,-5.527257919311523438e+00,-2.651982069015502930e+00,-3.978279113769531250e+00
-3.230739116668701172e+00,-4.134384155273437500e+00,-8.143792152404785156e+00,-5.255290985107421875e+00,-9.516906738281250000e+00,-3.836089611053466797e+00,-5.616068840026855469e+00,-2.419206619262695312e+00,-3.756805419921875000e+00
-2.450889348983764648e+00,-4.383240699768066406e+00,-8.735271453857421875e+00,-4.134119987487792969e+00,-8.849884986877441406e+00,-3.549628019332885742e+00,-4.554296493530273438e+00,-3.408440828323364258e+00,-2.746790409088134766e+00
-2.299295186996459961e+00,-4.312647342681884766e+00,-8.653162002563476562e+00,-3.779564857482910156e+00,-8.678747177124023438e+00,-3.231354713439941406e+00,-3.911802291870117188e+00,-3.732791185379028320e+00,-2.621783971786499023e+00
-2.191313982009887695e+00,-3.133500576019287109e+00,-8.823633193969726562e+00,-2.668031692504882812e+00,-7.166609764099121094e+00,-2.456805944442749023e+00,-2.501193046569824219e+00,-3.962020158767700195e+00,-1.907865524291992188e+00
-1.708441495895385742e+00,-3.629635334014892578e+00,-8.281708717346191406e+00,-3.606696367263793945e+00,-8.816196441650390625e+00,-2.921366691589355469e+00,-3.901178598403930664e+00,-3.622234821319580078e+00,-2.448079347610473633e+00
-1.772415280342102051e+00,-3.715545654296875000e+00,-8.335781097412109375e+00,-3.603457927703857422e+00,-8.945261001586914062e+00,-2.958407640457153320e+00,-3.947222471237182617e+00,-3.653311252593994141e+00,-2.454091548919677734e+00
-2.601429700851440430e+00,-4.424506187438964844e+00,-8.269007682800292969e+00,-4.237762451171875000e+00,-8.994458198547363281e+00,-3.671126604080200195e+00,-4.852522850036621094e+00,-3.484276294708251953e+00,-2.985855579376220703e+00
-1.933807492256164551e+00,-3.967315673828125000e+00,-8.664809226989746094e+00,-3.206539630889892578e+00,-7.734855651855468750e+00,-2.606733560562133789e+00,-3.076415777206420898e+00,-3.759950160980224609e+00,-2.034304618835449219e+00
-2.238998889923095703e+00,-1.588589429855346680e+00,-9.202616691589355469e+00,-1.060472726821899414e+00,-5.772408008575439453e+00,-3.544388771057128906e+00,-1.392919659614562988e+00,-4.039766788482666016e+00,-1.563341140747070312e+00
-2.859492063522338867e+00,-4.357526779174804688e+00,-8.371433258056640625e+00,-4.890436172485351562e+00,-9.473587036132812500e+00,-5.051021575927734375e+00,-5.505352020263671875e+00,-3.479082822799682617e+00,-3.560158252716064453e+00
-3.199541330337524414e+00,-4.649755477905273438e+00,-9.067223548889160156e+00,-4.597225189208984375e+00,-9.738868713378906250e+00,-5.205631256103515625e+00,-4.638755798339843750e+00,-4.026549339294433594e+00,-3.565242767333984375e+00
-2.422568082809448242e+00,-2.936123371124267578e+00,-8.723254203796386719e+00,-2.906530618667602539e+00,-7.471162319183349609e+00,-4.485874652862548828e+00,-4.013313770294189453e+00,-3.387187957763671875e+00,-2.099115848541259766e+00
-3.257398366928100586e+00,-4.217684268951416016e+00,-8.921322822570800781e+00,-4.482003211975097656e+00,-9.593832969665527344e+00,-5.250854492187500000e+00,-3.976635217666625977e+00,-4.109475612640380859e+00,-3.572493314743041992e+00
-2.986995935440063477e+00,-4.277630329132080078e+00,-8.710517883300781250e+00,-4.338288307189941406e+00,-9.524106979370117188e+00,-4.960798263549804688e+00,-3.688537359237670898e+00,-4.277398109436035156e+00,-3.217616319656372070e+00
-2.903986215591430664e+00,-4.457883834838867188e+00,-8.539294242858886719e+00,-4.492201805114746094e+00,-9.632345199584960938e+00,-5.283545970916748047e+00,-3.633032083511352539e+00,-4.344149112701416016e+00,-3.268311023712158203e+00
-2.621423482894897461e+00,-3.621064186096191406e+00,-8.705936431884765625e+00,-4.001477241516113281e+00,-8.774873733520507812e+00,-4.824291229248046875e+00,-4.134791374206542969e+00,-3.687469959259033203e+00,-3.055144071578979492e+00
-2.933048248291015625e+00,-4.352068901062011719e+00,-8.603153228759765625e+00,-4.419604301452636719e+00,-9.583918571472167969e+00,-5.226222515106201172e+00,-3.508851528167724609e+00,-4.453413009643554688e+00,-3.247795581817626953e+00
-1.717329144477844238e+00,-3.658970832824707031e+00,-7.099196434020996094e+00,-3.665646314620971680e+00,-8.189935684204101562e+00,-3.819097757339477539e+00,-3.422971487045288086e+00,-3.310851335525512695e+00,-2.095829248428344727e+00
-2.959637403488159180e+00,-5.858984470367431641e+00,-9.452054023742675781e+00,-4.839081764221191406e+00,-8.618530273437500000e+00,-4.521647930145263672e+00,-7.709503173828125000e+00,-4.263638973236083984e+00,-2.696174144744873047e+00
-4.200242996215820312e+00,-6.029008388519287109e+00,-9.951981544494628906e+00,-5.643358230590820312e+00,-8.611329078674316406e+00,-3.157809019088745117e+00,-7.311412811279296875e+00,-2.805404424667358398e+00,-3.653845310211181641e+00
-4.774484634399414062e+00,-6.209484100341796875e+00,-1.047788143157958984e+01,-5.262010574340820312e+00,-8.432258605957031250e+00,-1.311303615570068359e+00,-6.113436222076416016e+00,-1.977096796035766602e+00,-3.191392183303833008e+00
-4.674677848815917969e+00,-6.185377120971679688e+00,-1.039775943756103516e+01,-5.364441871643066406e+00,-8.627275466918945312e+00,-1.560119152069091797e+00,-6.229117393493652344e+00,-1.973303556442260742e+00,-3.242043018341064453e+00
-4.531586647033691406e+00,-6.181874275207519531e+00,-1.034910964965820312e+01,-5.386960983276367188e+00,-8.655765533447265625e+00,-1.788315773010253906e+00,-6.315429210662841797e+00,-2.045976161956787109e+00,-3.293739557266235352e+00
-4.508581638336181641e+00,-6.182389736175537109e+00,-1.033958148956298828e+01,-5.438593864440917969e+00,-8.674804687500000000e+00,-2.050378799438476562e+00,-6.516932487487792969e+00,-2.177853822708129883e+00,-3.283672809600830078e+00
-4.145412921905517578e+00,-6.085754871368408203e+00,-1.016264247894287109e+01,-5.417774200439453125e+00,-8.804448127746582031e+00,-2.207201719284057617e+00,-6.467304706573486328e+00,-1.999967575073242188e+00,-3.222612857818603516e+00
-4.765298366546630859e+00,-6.235228538513183594e+00,-1.053190803527832031e+01,-5.302289962768554688e+00,-8.488349914550781250e+00,-1.378553867340087891e+00,-6.212578773498535156e+00,-1.990228176116943359e+00,-3.228075981140136719e+00
-4.671360492706298828e+00,-6.258841514587402344e+00,-1.060931110382080078e+01,-5.429703712463378906e+00,-8.437580108642578125e+00,-1.668853998184204102e+00,-6.479363441467285156e+00,-2.100551128387451172e+00,-3.249320507049560547e+00
-1.989192366600036621e-01,-4.903813362121582031e+00,-6.915106773376464844e+00,-5.021907806396484375e+00,-9.392954826354980469e+00,-4.988412380218505859e+00,-6.265035629272460938e+00,-1.748313188552856445e+00,-3.037592172622680664e+00
-3.875266075134277344e+00,-5.198315620422363281e+00,-9.783525466918945312e+00,-5.643914222717285156e+00,-6.911183357238769531e+00,-5.987511157989501953e+00,-7.729124069213867188e+00,-2.320068836212158203e+00,-3.606548309326171875e+00
-3.975060224533081055e+00,-5.183942317962646484e+00,-9.972445487976074219e+00,-5.501070976257324219e+00,-7.308888912200927734e+00,-6.034951210021972656e+00,-7.571972846984863281e+00,-2.293211936950683594e+00,-3.616672277450561523e+00
-3.846801996231079102e+00,-5.040536403656005859e+00,-9.746867179870605469e+00,-5.678810119628906250e+00,-6.670021057128906250e+00,-5.915468692779541016e+00,-7.684547901153564453e+00,-2.225234746932983398e+00,-3.561104536056518555e+00
-3.966148853302001953e+00,-5.214975833892822266e+00,-9.999325752258300781e+00,-5.540904998779296875e+00,-7.169555664062500000e+00,-6.080188751220703125e+00,-7.577867031097412109e+00,-2.306505918502807617e+00,-3.668317079544067383e+00
-3.936587810516357422e+00,-5.342286586761474609e+00,-1.015190982818603516e+01,-5.390139579772949219e+00,-7.073428153991699219e+00,-6.236606121063232422e+00,-7.101169586181640625e+00,-2.507635593414306641e+00,-3.640260696411132812e+00
-3.809542894363403320e+00,-5.238228321075439453e+00,-9.531210899353027344e+00,-5.541092872619628906e+00,-7.181525230407714844e+00,-6.015851974487304688e+00,-7.600364685058593750e+00,-2.088682889938354492e+00,-3.615532875061035156e+00
-4.003391742706298828e+00,-5.205018043518066406e+00,-9.972796440124511719e+00,-5.404489517211914062e+00,-7.467031478881835938e+00,-6.000012874603271484e+00,-7.321958541870117188e+00,-2.354918003082275391e+00,-3.863094091415405273e+00
-3.969784259796142578e+00,-5.207509517669677734e+00,-9.844274520874023438e+00,-5.573457717895507812e+00,-7.255142211914062500e+00,-6.049667358398437500e+00,-7.697536468505859375e+00,-2.263491630554199219e+00,-3.692817687988281250e+00
-3.817233562469482422e+00,-5.106765270233154297e+00,-9.971905708312988281e+00,-5.617560386657714844e+00,-6.778490066528320312e+00,-6.074881076812744141e+00,-7.656397819519042969e+00,-2.403678178787231445e+00,-3.584715843200683594e+00
-3.747274875640869141e+00,-5.131557941436767578e+00,-1.018671131134033203e+01,-5.292541503906250000e+00,-6.908480644226074219e+00,-5.400930404663085938e+00,-7.113125324249267578e+00,-2.593750953674316406e+00,-3.087403535842895508e+00
-3.787477970123291016e+00,-5.223013401031494141e+00,-1.048732471466064453e+01,-5.865222930908203125e+00,-7.362479209899902344e+00,-6.677882194519042969e+00,-7.182789325714111328e+00,-2.933159828186035156e+00,-3.842652797698974609e+00
-3.628131628036499023e+00,-5.095089435577392578e+00,-1.063605976104736328e+01,-5.621870994567871094e+00,-7.387915134429931641e+00,-6.508082389831542969e+00,-6.684997558593750000e+00,-3.468724727630615234e+00,-3.718523979187011719e+00
-3.256044626235961914e+00,-4.594789981842041016e+00,-1.068560981750488281e+01,-5.285104751586914062e+00,-7.244520187377929688e+00,-5.576838493347167969e+00,-5.785585403442382812e+00,-3.267931461334228516e+00,-3.189217090606689453e+00
-3.545116662979125977e+00,-4.726089000701904297e+00,-1.061795902252197266e+01,-5.441234588623046875e+00,-7.478857040405273438e+00,-6.187477588653564453e+00,-6.304283142089843750e+00,-3.266903638839721680e+00,-3.362102508544921875e+00
-3.507704019546508789e+00,-5.114820957183837891e+00,-1.060290813446044922e+01,-5.422625541687011719e+00,-7.441580772399902344e+00,-6.552456378936767578e+00,-6.354100227355957031e+00,-3.856495380401611328e+00,-3.722658634185791016e+00
-3.169028043746948242e+00,-4.561425209045410156e+00,-1.128997516632080078e+01,-5.583782196044921875e+00,-7.230179309844970703e+00,-5.802514076232910156e+00,-5.797634124755859375e+00,-3.429220676422119141e+00,-3.323130130767822266e+00
-2.882917165756225586e+00,-4.467837810516357422e+00,-1.013409042358398438e+01,-4.482702255249023438e+00,-6.882536411285400391e+00,-4.902382850646972656e+00,-5.436786174774169922e+00,-2.827919960021972656e+00,-2.441015720367431641e+00
-2.840888261795043945e+00,-4.755641937255859375e+00,-1.018591880798339844e+01,-4.635063648223876953e+00,-7.142179965972900391e+00,-5.067908287048339844e+00,-5.391703605651855469e+00,-3.331472396850585938e+00,-2.587719678878784180e+00
-2.929239511489868164e+00,-4.605214595794677734e+00,-1.055741310119628906e+01,-4.829252243041992188e+00,-7.164106369018554688e+00,-5.117238044738769531e+00,-5.337668418884277344e+00,-3.252733707427978516e+00,-2.697551250457763672e+00
-2.903442859649658203e+00,-5.084649562835693359e+00,-1.001342773437500000e+01,-4.552652359008789062e+00,-7.348750591278076172e+00,-5.192961692810058594e+00,-5.524123668670654297e+00,-3.740842342376708984e+00,-2.674354553222656250e+00
-3.608458042144775391e+00,-5.285184383392333984e+00,-9.656149864196777344e+00,-5.811383247375488281e+00,-9.303729057312011719e+00,-5.935741424560546875e+00,-7.588621139526367188e+00,-4.647348880767822266e+00,-3.803527116775512695e+00
-3.294123411178588867e+00,-5.160410881042480469e+00,-9.542048454284667969e+00,-5.352669715881347656e+00,-9.063928604125976562e+00,-5.009685039520263672e+00,-7.136116981506347656e+00,-3.599115371704101562e+00,-3.215884923934936523e+00
-3.041696786880493164e+00,-5.004832744598388672e+00,-9.208952903747558594e+00,-5.189720153808593750e+00,-8.737729072570800781e+00,-4.847025394439697266e+00,-7.204817771911621094e+00,-3.391788959503173828e+00,-2.938158273696899414e+00
-3.234425306320190430e+00,-5.142104148864746094e+00,-9.339089393615722656e+00,-5.363628387451171875e+00,-8.694507598876953125e+00,-4.814626693725585938e+00,-7.015677452087402344e+00,-3.227993726730346680e+00,-3.037990808486938477e+00
-3.286523580551147461e+00,-5.353312015533447266e+00,-9.789069175720214844e+00,-5.459189414978027344e+00,-9.563748359680175781e+00,-5.001835823059082031e+00,-7.290817260742187500e+00,-4.147968292236328125e+00,-3.745355606079101562e+00
-3.179727315902709961e+00,-5.554579257965087891e+00,-9.952888488769531250e+00,-5.034093856811523438e+00,-9.367292404174804688e+00,-4.550169467926025391e+00,-7.662806510925292969e+00,-4.247737407684326172e+00,-3.255491018295288086e+00
-3.130588293075561523e+00,-5.271415233612060547e+00,-9.509934425354003906e+00,-5.185164451599121094e+00,-9.437681198120117188e+00,-5.132505416870117188e+00,-7.388155937194824219e+00,-3.800304889678955078e+00,-3.305366516113281250e+00
-3.017028808593750000e+00,-5.358228683471679688e+00,-9.981460571289062500e+00,-5.146529197692871094e+00,-9.633290290832519531e+00,-4.793906688690185547e+00,-7.559274196624755859e+00,-4.944994926452636719e+00,-3.551484107971191406e+00
-3.202757835388183594e+00,-5.376168727874755859e+00,-1.009419918060302734e+01,-5.301503181457519531e+00,-9.638105392456054688e+00,-5.191229820251464844e+00,-7.658632755279541016e+00,-5.078353404998779297e+00,-3.941038131713867188e+00
-3.108739852905273438e+00,-5.063746929168701172e+00,-9.394663810729980469e+00,-5.178728103637695312e+00,-8.692680358886718750e+00,-4.795286178588867188e+00,-7.035042762756347656e+00,-3.304424047470092773e+00,-2.853754520416259766e+00
