8.814062118530273438e+00,7.534155845642089844e+00,7.981959342956542969e+00,4.004876136779785156e+00,8.647962570190429688e+00,6.610853672027587891e+00,9.102638244628906250e+00,1.225360774993896484e+01,9.300394058227539062e+00,1.046332645416259766e+01,1.176634597778320312e+01
8.572812080383300781e+00,7.327748298645019531e+00,8.330538749694824219e+00,4.320074558258056641e+00,8.514518737792968750e+00,7.354723453521728516e+00,8.023523330688476562e+00,1.196154499053955078e+01,9.325841903686523438e+00,1.021934413909912109e+01,1.173478317260742188e+01
8.553455352783203125e+00,6.932081222534179688e+00,7.709873199462890625e+00,3.037013530731201172e+00,7.318413734436035156e+00,5.543558120727539062e+00,8.771416664123535156e+00,1.194403171539306641e+01,9.012953758239746094e+00,1.010371971130371094e+01,1.124745178222656250e+01
8.627912521362304688e+00,7.464932918548583984e+00,8.163813591003417969e+00,4.143281459808349609e+00,8.560978889465332031e+00,7.335035800933837891e+00,8.323149681091308594e+00,1.182864570617675781e+01,9.204623222351074219e+00,1.032186412811279297e+01,1.157396316528320312e+01
8.648134231567382812e+00,7.541731834411621094e+00,8.272090911865234375e+00,4.418681144714355469e+00,8.570970535278320312e+00,7.522925376892089844e+00,8.107033729553222656e+00,1.185258293151855469e+01,9.262623786926269531e+00,1.026087093353271484e+01,1.177905178070068359e+01
8.800861358642578125e+00,7.295929908752441406e+00,8.235953330993652344e+00,3.891572475433349609e+00,8.496809959411621094e+00,6.774290084838867188e+00,8.446425437927246094e+00,1.216627502441406250e+01,9.432768821716308594e+00,1.033655166625976562e+01,1.163996315002441406e+01
8.526310920715332031e+00,6.972728729248046875e+00,7.450356483459472656e+00,3.104407787322998047e+00,7.169055938720703125e+00,5.737294197082519531e+00,8.668209075927734375e+00,1.156140613555908203e+01,9.111372947692871094e+00,1.012405681610107422e+01,1.113877582550048828e+01
8.369512557983398438e+00,7.139233112335205078e+00,8.147407531738281250e+00,4.173869609832763672e+00,7.638446331024169922e+00,6.552151203155517578e+00,8.403233528137207031e+00,1.198342800140380859e+01,9.631140708923339844e+00,1.079329967498779297e+01,1.201252746582031250e+01
8.423480033874511719e+00,6.765231609344482422e+00,7.848062515258789062e+00,2.876898765563964844e+00,6.882816791534423828e+00,5.450987815856933594e+00,8.612487792968750000e+00,1.193685436248779297e+01,9.323925971984863281e+00,1.030304336547851562e+01,1.138784790039062500e+01
8.580338478088378906e+00,7.348680019378662109e+00,7.766229629516601562e+00,3.548154354095458984e+00,7.396329402923583984e+00,6.535899639129638672e+00,8.711131095886230469e+00,1.165277099609375000e+01,8.927557945251464844e+00,1.006221294403076172e+01,1.110668945312500000e+01
9.321114540100097656e+00,8.304503440856933594e+00,8.379984855651855469e+00,5.033625125885009766e+00,7.687357425689697266e+00,6.992359161376953125e+00,1.005158138275146484e+01,1.307638454437255859e+01,9.619814872741699219e+00,1.079103946685791016e+01,1.171568679809570312e+01
9.573375701904296875e+00,8.355259895324707031e+00,8.718653678894042969e+00,5.434327125549316406e+00,7.877331733703613281e+00,7.251975536346435547e+00,1.023906898498535156e+01,1.351461124420166016e+01,9.874108314514160156e+00,1.125231266021728516e+01,1.222092151641845703e+01
9.479168891906738281e+00,8.370405197143554688e+00,8.554731369018554688e+00,5.133921146392822266e+00,7.854797363281250000e+00,7.269488334655761719e+00,1.016495037078857422e+01,1.321031665802001953e+01,9.837634086608886719e+00,1.103202724456787109e+01,1.199035644531250000e+01
9.375163078308105469e+00,8.515272140502929688e+00,8.218550682067871094e+00,5.041007518768310547e+00,7.988056182861328125e+00,7.248891353607177734e+00,1.023254871368408203e+01,1.301893997192382812e+01,9.580405235290527344e+00,1.087835597991943359e+01,1.170785999298095703e+01
9.529572486877441406e+00,8.614398002624511719e+00,8.434752464294433594e+00,5.362630844116210938e+00,8.124650955200195312e+00,7.764342308044433594e+00,1.025370311737060547e+01,1.322158527374267578e+01,9.794421195983886719e+00,1.114240360260009766e+01,1.198243331909179688e+01
9.531362533569335938e+00,8.542075157165527344e+00,8.444962501525878906e+00,5.301068305969238281e+00,8.032581329345703125e+00,7.432033538818359375e+00,1.029683589935302734e+01,1.328545951843261719e+01,9.744277000427246094e+00,1.116543483734130859e+01,1.199822998046875000e+01
9.284127235412597656e+00,8.491181373596191406e+00,8.173359870910644531e+00,4.640949249267578125e+00,8.054595947265625000e+00,7.347035884857177734e+00,9.889924049377441406e+00,1.270096874237060547e+01,9.515196800231933594e+00,1.071660041809082031e+01,1.153437614440917969e+01
9.516161918640136719e+00,8.517312049865722656e+00,8.358042716979980469e+00,5.189230442047119141e+00,7.942516326904296875e+00,7.302680969238281250e+00,1.022765731811523438e+01,1.316491985321044922e+01,9.673727989196777344e+00,1.100615501403808594e+01,1.188831329345703125e+01
9.502943038940429688e+00,8.483785629272460938e+00,8.515757560729980469e+00,5.078979492187500000e+00,7.889582633972167969e+00,7.513416290283203125e+00,9.941207885742187500e+00,1.313841152191162109e+01,9.788479804992675781e+00,1.104674053192138672e+01,1.190942764282226562e+01
9.585403442382812500e+00,8.581934928894042969e+00,8.445879936218261719e+00,5.362304210662841797e+00,8.095701217651367188e+00,7.671971797943115234e+00,1.027328681945800781e+01,1.327659511566162109e+01,9.790009498596191406e+00,1.120331668853759766e+01,1.203924751281738281e+01
1.031578731536865234e+01,7.716728210449218750e+00,7.295466423034667969e+00,3.761533260345458984e+00,6.375352382659912109e+00,6.765370368957519531e+00,8.926953315734863281e+00,1.329283142089843750e+01,9.224175453186035156e+00,1.025765609741210938e+01,1.107656192779541016e+01
1.043212032318115234e+01,7.588419914245605469e+00,7.030852317810058594e+00,3.012651920318603516e+00,6.757191181182861328e+00,6.569108009338378906e+00,8.543442726135253906e+00,1.299888038635253906e+01,8.934636116027832031e+00,1.001914119720458984e+01,1.077874660491943359e+01
1.043124389648437500e+01,7.498001098632812500e+00,7.013798713684082031e+00,3.373655319213867188e+00,6.298659324645996094e+00,6.465742111206054688e+00,8.829296112060546875e+00,1.297695255279541016e+01,9.279317855834960938e+00,1.003247070312500000e+01,1.078675556182861328e+01
1.008053970336914062e+01,6.878920555114746094e+00,6.355664253234863281e+00,2.532252311706542969e+00,5.430393218994140625e+00,5.042579650878906250e+00,8.412245750427246094e+00,1.232063484191894531e+01,8.756179809570312500e+00,9.527688980102539062e+00,1.034838104248046875e+01
1.029270076751708984e+01,6.912952899932861328e+00,6.377490043640136719e+00,3.148939609527587891e+00,5.707962989807128906e+00,5.581784248352050781e+00,8.522361755371093750e+00,1.231066036224365234e+01,9.069466590881347656e+00,9.712668418884277344e+00,1.077343177795410156e+01
1.050578022003173828e+01,7.374779224395751953e+00,6.931995391845703125e+00,3.592716932296752930e+00,6.607572555541992188e+00,6.700547218322753906e+00,8.775953292846679688e+00,1.288106250762939453e+01,9.487735748291015625e+00,1.002763938903808594e+01,1.105149841308593750e+01
1.015754604339599609e+01,7.288516998291015625e+00,7.001357078552246094e+00,3.314253807067871094e+00,6.701592922210693359e+00,5.788125038146972656e+00,8.181765556335449219e+00,1.286629199981689453e+01,9.556383132934570312e+00,1.007744789123535156e+01,1.127695941925048828e+01
1.046613025665283203e+01,6.705042839050292969e+00,6.168654441833496094e+00,3.111350536346435547e+00,5.802716732025146484e+00,5.336086750030517578e+00,9.209666252136230469e+00,1.232523441314697266e+01,8.577741622924804688e+00,9.510506629943847656e+00,1.022585678100585938e+01
1.038942241668701172e+01,6.712534904479980469e+00,6.214983940124511719e+00,3.042019367218017578e+00,5.665609836578369141e+00,5.324663162231445312e+00,9.045979499816894531e+00,1.236685943603515625e+01,8.715603828430175781e+00,9.663723945617675781e+00,1.047891235351562500e+01
1.066649150848388672e+01,7.247705459594726562e+00,6.585747718811035156e+00,2.926998138427734375e+00,5.946661949157714844e+00,5.944215297698974609e+00,8.825739860534667969e+00,1.264564990997314453e+01,9.017259597778320312e+00,9.706490516662597656e+00,1.031473731994628906e+01
9.010821342468261719e+00,7.629249572753906250e+00,7.777462959289550781e+00,4.507197380065917969e+00,1.021737957000732422e+01,7.448005676269531250e+00,1.049703884124755859e+01,1.296943759918212891e+01,9.735918998718261719e+00,1.062789821624755859e+01,1.142402839660644531e+01
8.935231208801269531e+00,7.211694240570068359e+00,7.625036239624023438e+00,4.514679431915283203e+00,1.024123477935791016e+01,6.857238769531250000e+00,1.000975036621093750e+01,1.261428546905517578e+01,9.699752807617187500e+00,1.052518177032470703e+01,1.119827270507812500e+01
9.229039192199707031e+00,7.462648391723632812e+00,7.488416671752929688e+00,4.400562286376953125e+00,9.858067512512207031e+00,6.649347305297851562e+00,1.024024486541748047e+01,1.228065395355224609e+01,9.513089179992675781e+00,1.034889507293701172e+01,1.123912811279296875e+01
1.026115703582763672e+01,7.418282508850097656e+00,6.048292160034179688e+00,3.212834358215332031e+00,6.858004570007324219e+00,5.976880073547363281e+00,9.016722679138183594e+00,1.235699367523193359e+01,9.098311424255371094e+00,9.983323097229003906e+00,1.060239124298095703e+01
9.485835075378417969e+00,6.850258350372314453e+00,6.107918739318847656e+00,2.767433881759643555e+00,7.343123435974121094e+00,4.818976879119873047e+00,8.901814460754394531e+00,1.138799476623535156e+01,8.858951568603515625e+00,9.961698532104492188e+00,1.066936016082763672e+01
1.106475543975830078e+01,8.444720268249511719e+00,7.102545738220214844e+00,3.029859542846679688e+00,6.889987945556640625e+00,6.742993831634521484e+00,8.500873565673828125e+00,1.293726253509521484e+01,9.724209785461425781e+00,1.013669109344482422e+01,1.087684726715087891e+01
9.433732986450195312e+00,7.519001960754394531e+00,6.206562042236328125e+00,2.818903684616088867e+00,7.322776317596435547e+00,6.877706050872802734e+00,9.104896545410156250e+00,1.273433780670166016e+01,8.504910469055175781e+00,9.927207946777343750e+00,1.137137794494628906e+01
9.291850090026855469e+00,7.137889862060546875e+00,5.637757301330566406e+00,3.845484018325805664e+00,6.588537693023681641e+00,4.833128452301025391e+00,8.549880981445312500e+00,1.084960842132568359e+01,8.662331581115722656e+00,9.882704734802246094e+00,1.136485385894775391e+01
8.972341537475585938e+00,7.053369522094726562e+00,5.338006019592285156e+00,3.840000152587890625e+00,6.598099231719970703e+00,5.117276668548583984e+00,8.448578834533691406e+00,1.104413318634033203e+01,8.337717056274414062e+00,9.694066047668457031e+00,1.144742393493652344e+01
9.119470596313476562e+00,7.360897541046142578e+00,5.845645904541015625e+00,3.283452987670898438e+00,6.983865261077880859e+00,5.874320030212402344e+00,8.802203178405761719e+00,1.200500392913818359e+01,8.373611450195312500e+00,9.876473426818847656e+00,1.151005935668945312e+01
1.119224452972412109e+01,8.836588859558105469e+00,7.223855018615722656e+00,2.880114555358886719e+00,6.334002971649169922e+00,6.547025680541992188e+00,8.384248733520507812e+00,1.255488491058349609e+01,9.880261421203613281e+00,1.041415882110595703e+01,1.092358779907226562e+01
1.150420284271240234e+01,8.930350303649902344e+00,7.070383071899414062e+00,2.739979267120361328e+00,6.419945240020751953e+00,6.123620986938476562e+00,8.383028030395507812e+00,1.250806045532226562e+01,9.922452926635742188e+00,1.051601791381835938e+01,1.079635620117187500e+01
1.052782726287841797e+01,8.935549736022949219e+00,7.472111701965332031e+00,3.828570365905761719e+00,7.141646862030029297e+00,6.532855033874511719e+00,8.511550903320312500e+00,1.261848640441894531e+01,9.789984703063964844e+00,1.065478992462158203e+01,1.183122920989990234e+01
1.055225563049316406e+01,8.863641738891601562e+00,7.384226799011230469e+00,3.204970359802246094e+00,7.075477600097656250e+00,6.892291069030761719e+00,8.375369071960449219e+00,1.268213176727294922e+01,9.674317359924316406e+00,1.051045322418212891e+01,1.161508274078369141e+01
1.043992519378662109e+01,8.703100204467773438e+00,7.374070167541503906e+00,3.024785518646240234e+00,7.382746696472167969e+00,6.213734626770019531e+00,8.845271110534667969e+00,1.243627262115478516e+01,9.408727645874023438e+00,1.038201618194580078e+01,1.146600151062011719e+01
1.063786029815673828e+01,8.164909362792968750e+00,6.519452095031738281e+00,2.852932453155517578e+00,6.190127372741699219e+00,5.353224754333496094e+00,8.706246376037597656e+00,1.152427768707275391e+01,9.049215316772460938e+00,1.014753246307373047e+01,1.119766902923583984e+01
1.047441196441650391e+01,8.794113159179687500e+00,7.538804054260253906e+00,3.200502872467041016e+00,8.363943099975585938e+00,6.254214286804199219e+00,9.227343559265136719e+00,1.240591621398925781e+01,9.547716140747070312e+00,1.060861682891845703e+01,1.160897254943847656e+01
1.039112186431884766e+01,8.885434150695800781e+00,7.702977180480957031e+00,3.912136077880859375e+00,8.167293548583984375e+00,6.689535617828369141e+00,9.324526786804199219e+00,1.275454807281494141e+01,9.766357421875000000e+00,1.074779033660888672e+01,1.197496414184570312e+01
9.600180625915527344e+00,8.163023948669433594e+00,6.415442466735839844e+00,4.174390316009521484e+00,6.324649810791015625e+00,5.518140792846679688e+00,8.390694618225097656e+00,1.150222492218017578e+01,8.314016342163085938e+00,1.013691425323486328e+01,1.183052635192871094e+01
1.087082576751708984e+01,9.136120796203613281e+00,7.440121650695800781e+00,3.417180538177490234e+00,7.490831851959228516e+00,6.407804489135742188e+00,8.782457351684570312e+00,1.252710247039794922e+01,9.759194374084472656e+00,1.066455745697021484e+01,1.146540451049804688e+01
9.135914802551269531e+00,9.094767570495605469e+00,8.249014854431152344e+00,4.879147529602050781e+00,9.017613410949707031e+00,8.335765838623046875e+00,1.082083225250244141e+01,1.304362773895263672e+01,9.673722267150878906e+00,1.079882907867431641e+01,1.248892211914062500e+01
8.974582672119140625e+00,9.326185226440429688e+00,8.384152412414550781e+00,5.538902282714843750e+00,1.022558307647705078e+01,8.802388191223144531e+00,1.149522876739501953e+01,1.315323543548583984e+01,9.825831413269042969e+00,1.078039264678955078e+01,1.237684440612792969e+01
9.236919403076171875e+00,9.140808105468750000e+00,8.549021720886230469e+00,4.873575210571289062e+00,8.955343246459960938e+00,8.713134765625000000e+00,1.039397525787353516e+01,1.281459999084472656e+01,9.724437713623046875e+00,1.070406055450439453e+01,1.229283618927001953e+01
9.818232536315917969e+00,8.620404243469238281e+00,8.286852836608886719e+00,4.725985527038574219e+00,8.658588409423828125e+00,8.216176033020019531e+00,9.876536369323730469e+00,1.253357505798339844e+01,9.957907676696777344e+00,1.067319393157958984e+01,1.211853981018066406e+01
9.273610115051269531e+00,8.984965324401855469e+00,8.644113540649414062e+00,5.003213882446289062e+00,8.645192146301269531e+00,8.752409934997558594e+00,9.839303970336914062e+00,1.279706382751464844e+01,9.615599632263183594e+00,1.070957851409912109e+01,1.229684257507324219e+01
9.477356910705566406e+00,9.151280403137207031e+00,8.323328018188476562e+00,4.482927322387695312e+00,8.839176177978515625e+00,8.626895904541015625e+00,1.034496021270751953e+01,1.270049476623535156e+01,9.509037971496582031e+00,1.028786754608154297e+01,1.201644420623779297e+01
9.330834388732910156e+00,8.774113655090332031e+00,8.524265289306640625e+00,5.126563549041748047e+00,8.757669448852539062e+00,8.575950622558593750e+00,9.892933845520019531e+00,1.270573234558105469e+01,9.760110855102539062e+00,1.073281574249267578e+01,1.223713493347167969e+01
9.294770240783691406e+00,8.720140457153320312e+00,8.737988471984863281e+00,5.205334186553955078e+00,8.592909812927246094e+00,8.858199119567871094e+00,9.486851692199707031e+00,1.247110366821289062e+01,9.597743034362792969e+00,1.060905361175537109e+01,1.218995666503906250e+01
9.636034965515136719e+00,8.745075225830078125e+00,8.548892021179199219e+00,4.666065692901611328e+00,8.590731620788574219e+00,8.848116874694824219e+00,9.486465454101562500e+00,1.224300670623779297e+01,9.410631179809570312e+00,1.024719905853271484e+01,1.187768268585205078e+01
9.394984245300292969e+00,8.562303543090820312e+00,8.614207267761230469e+00,4.677593708038330078e+00,8.561411857604980469e+00,8.994041442871093750e+00,9.096220016479492188e+00,1.236020946502685547e+01,9.340058326721191406e+00,1.009853458404541016e+01,1.183017921447753906e+01
8.878389358520507812e+00,9.238585472106933594e+00,8.225547790527343750e+00,5.178488731384277344e+00,1.032760906219482422e+01,8.817149162292480469e+00,1.160109138488769531e+01,1.312656497955322266e+01,9.344612121582031250e+00,1.025854587554931641e+01,1.229836940765380859e+01
9.057070732116699219e+00,9.003481864929199219e+00,7.980121612548828125e+00,4.291813850402832031e+00,8.861338615417480469e+00,8.023568153381347656e+00,1.020347785949707031e+01,1.254054737091064453e+01,9.145207405090332031e+00,1.007102298736572266e+01,1.216820430755615234e+01
8.964831352233886719e+00,8.894822120666503906e+00,7.880247116088867188e+00,4.190970420837402344e+00,9.073607444763183594e+00,7.870509624481201172e+00,1.053026485443115234e+01,1.233046627044677734e+01,9.013999938964843750e+00,9.855429649353027344e+00,1.197389698028564453e+01
9.152876853942871094e+00,8.912817955017089844e+00,8.790923118591308594e+00,5.152647972106933594e+00,9.445925712585449219e+00,8.637915611267089844e+00,9.695311546325683594e+00,1.297965621948242188e+01,1.005731964111328125e+01,1.086470127105712891e+01,1.253641891479492188e+01
9.241984367370605469e+00,9.035793304443359375e+00,8.947937965393066406e+00,5.415548801422119141e+00,9.484383583068847656e+00,8.930797576904296875e+00,9.583533287048339844e+00,1.292480945587158203e+01,9.999758720397949219e+00,1.107064247131347656e+01,1.276321697235107422e+01
9.402442932128906250e+00,8.851441383361816406e+00,8.947090148925781250e+00,5.103789329528808594e+00,8.979856491088867188e+00,8.746420860290527344e+00,9.325623512268066406e+00,1.295411491394042969e+01,1.016575527191162109e+01,1.070638561248779297e+01,1.221730232238769531e+01
9.785962104797363281e+00,8.561019897460937500e+00,8.707094192504882812e+00,5.422858238220214844e+00,9.099608421325683594e+00,8.792128562927246094e+00,9.042131423950195312e+00,1.283668518066406250e+01,9.705659866333007812e+00,1.027162170410156250e+01,1.144995689392089844e+01
9.881590843200683594e+00,8.170574188232421875e+00,8.393906593322753906e+00,4.248687744140625000e+00,9.082405090332031250e+00,8.721888542175292969e+00,8.813654899597167969e+00,1.254488658905029297e+01,9.255898475646972656e+00,9.754647254943847656e+00,1.098096084594726562e+01
9.157493591308593750e+00,8.780120849609375000e+00,8.329205513000488281e+00,4.631228446960449219e+00,8.884837150573730469e+00,8.286540031433105469e+00,9.817549705505371094e+00,1.214534282684326172e+01,9.566050529479980469e+00,1.056892681121826172e+01,1.239876556396484375e+01
9.307909965515136719e+00,8.763029098510742188e+00,8.993592262268066406e+00,5.353753089904785156e+00,9.365610122680664062e+00,8.935586929321289062e+00,9.217974662780761719e+00,1.272741603851318359e+01,1.012653064727783203e+01,1.104593944549560547e+01,1.273368263244628906e+01
9.242609977722167969e+00,9.133406639099121094e+00,9.643315315246582031e+00,5.146656513214111328e+00,7.613057613372802734e+00,8.735597610473632812e+00,8.165880203247070312e+00,1.252746963500976562e+01,9.960942268371582031e+00,1.073101711273193359e+01,1.249784851074218750e+01
8.919815063476562500e+00,8.660216331481933594e+00,8.811175346374511719e+00,4.479716300964355469e+00,7.977119922637939453e+00,8.381491661071777344e+00,8.841578483581542969e+00,1.241221523284912109e+01,9.833382606506347656e+00,1.074480915069580078e+01,1.231452178955078125e+01
9.668889045715332031e+00,8.526240348815917969e+00,8.104432106018066406e+00,3.475387096405029297e+00,7.499594211578369141e+00,8.153520584106445312e+00,8.978171348571777344e+00,1.317387199401855469e+01,9.609575271606445312e+00,1.024510574340820312e+01,1.135024642944335938e+01
8.972598075866699219e+00,8.782404899597167969e+00,9.126333236694335938e+00,4.759694099426269531e+00,7.526134967803955078e+00,8.223423004150390625e+00,8.332405090332031250e+00,1.210794353485107422e+01,9.916480064392089844e+00,1.058476066589355469e+01,1.233401870727539062e+01
9.679230690002441406e+00,8.546755790710449219e+00,8.129515647888183594e+00,3.595331907272338867e+00,7.722984790802001953e+00,8.463123321533203125e+00,8.948557853698730469e+00,1.304016971588134766e+01,9.404749870300292969e+00,1.016009807586669922e+01,1.128562355041503906e+01
9.611489295959472656e+00,8.506063461303710938e+00,8.137415885925292969e+00,3.430549621582031250e+00,7.632373809814453125e+00,8.290746688842773438e+00,8.966340065002441406e+00,1.309419155120849609e+01,9.527926445007324219e+00,1.026698493957519531e+01,1.138890171051025391e+01
9.651788711547851562e+00,8.668030738830566406e+00,8.060593605041503906e+00,3.721667051315307617e+00,7.917528629302978516e+00,8.470912933349609375e+00,9.014547348022460938e+00,1.301531696319580078e+01,9.260857582092285156e+00,9.871716499328613281e+00,1.113879394531250000e+01
9.502829551696777344e+00,8.841119766235351562e+00,8.304788589477539062e+00,3.552602529525756836e+00,7.836197376251220703e+00,7.923983573913574219e+00,9.252882003784179688e+00,1.253362178802490234e+01,9.264161109924316406e+00,1.001372718811035156e+01,1.129568767547607422e+01
9.567866325378417969e+00,8.694761276245117188e+00,8.042324066162109375e+00,3.058167934417724609e+00,7.697029590606689453e+00,8.408795356750488281e+00,8.951082229614257812e+00,1.275371646881103516e+01,9.138360977172851562e+00,9.744984626770019531e+00,1.105561828613281250e+01
9.522373199462890625e+00,8.681659698486328125e+00,8.535103797912597656e+00,4.854346275329589844e+00,8.436978340148925781e+00,8.214326858520507812e+00,9.462903976440429688e+00,1.310940074920654297e+01,1.003953456878662109e+01,1.079479885101318359e+01,1.196856117248535156e+01
9.697625160217285156e+00,8.624726295471191406e+00,8.861761093139648438e+00,6.126571655273437500e+00,7.225856304168701172e+00,7.230572700500488281e+00,9.030067443847656250e+00,1.365325355529785156e+01,1.007742977142333984e+01,1.070304584503173828e+01,1.196068668365478516e+01
9.157845497131347656e+00,7.651346683502197266e+00,8.085765838623046875e+00,5.240956783294677734e+00,8.075481414794921875e+00,6.404450893402099609e+00,9.524779319763183594e+00,1.312816524505615234e+01,9.124241828918457031e+00,1.021692943572998047e+01,1.164925479888916016e+01
9.088299751281738281e+00,7.254118919372558594e+00,7.675981521606445312e+00,4.381520271301269531e+00,1.019982814788818359e+01,6.905081748962402344e+00,1.040254592895507812e+01,1.307991695404052734e+01,9.603743553161621094e+00,1.051362323760986328e+01,1.180549240112304688e+01
9.223687171936035156e+00,7.869861602783203125e+00,8.490879058837890625e+00,5.446301460266113281e+00,1.059844875335693359e+01,7.817043781280517578e+00,1.041288852691650391e+01,1.352414703369140625e+01,9.816533088684082031e+00,1.083752536773681641e+01,1.242709064483642578e+01
9.488323211669921875e+00,7.513794898986816406e+00,8.179151535034179688e+00,4.951650142669677734e+00,9.315989494323730469e+00,7.226740837097167969e+00,9.858801841735839844e+00,1.315847969055175781e+01,9.545949935913085938e+00,1.052974033355712891e+01,1.202605438232421875e+01
9.180610656738281250e+00,7.104077816009521484e+00,7.777325630187988281e+00,5.138909816741943359e+00,8.663741111755371094e+00,6.320896148681640625e+00,1.016457939147949219e+01,1.312533378601074219e+01,9.366321563720703125e+00,1.023718547821044922e+01,1.170570087432861328e+01
9.825606346130371094e+00,7.181792259216308594e+00,7.205988883972167969e+00,4.160890102386474609e+00,8.704268455505371094e+00,6.601734638214111328e+00,9.852938652038574219e+00,1.255216979980468750e+01,8.809610366821289062e+00,1.005742359161376953e+01,1.138187313079833984e+01
9.304539680480957031e+00,7.247243881225585938e+00,7.809676170349121094e+00,4.788780689239501953e+00,9.375393867492675781e+00,6.667532920837402344e+00,1.013527011871337891e+01,1.306549358367919922e+01,9.519144058227539062e+00,1.041158676147460938e+01,1.184037399291992188e+01
8.882074356079101562e+00,7.390573501586914062e+00,7.050869941711425781e+00,4.725399971008300781e+00,8.895034790039062500e+00,5.455945014953613281e+00,9.858313560485839844e+00,1.272518444061279297e+01,8.922662734985351562e+00,9.820944786071777344e+00,1.124213027954101562e+01
1.066740512847900391e+01,6.977328300476074219e+00,6.241105079650878906e+00,2.803297996520996094e+00,7.956653118133544922e+00,5.361878395080566406e+00,9.144063949584960938e+00,1.163349723815917969e+01,8.367485046386718750e+00,9.550282478332519531e+00,1.066976165771484375e+01
8.791296958923339844e+00,8.051156997680664062e+00,7.483090400695800781e+00,5.698615074157714844e+00,7.066768646240234375e+00,5.770040035247802734e+00,1.052260684967041016e+01,1.316532421112060547e+01,8.951433181762695312e+00,1.050367259979248047e+01,1.146148204803466797e+01
8.715558052062988281e+00,7.926590919494628906e+00,7.461484909057617188e+00,5.417811393737792969e+00,7.084632396697998047e+00,5.646541595458984375e+00,1.054179477691650391e+01,1.308113861083984375e+01,9.004343986511230469e+00,1.046811580657958984e+01,1.138093566894531250e+01
8.882143974304199219e+00,8.109256744384765625e+00,7.445311546325683594e+00,5.796386718750000000e+00,6.896582603454589844e+00,5.716242790222167969e+00,1.042445468902587891e+01,1.312024879455566406e+01,8.986007690429687500e+00,1.058731365203857422e+01,1.153446388244628906e+01
8.752326011657714844e+00,8.063979148864746094e+00,7.520261764526367188e+00,5.670307159423828125e+00,7.115053176879882812e+00,5.804817199707031250e+00,1.061470603942871094e+01,1.315551376342773438e+01,8.947128295898437500e+00,1.047136306762695312e+01,1.143799877166748047e+01
8.926625251770019531e+00,8.325436592102050781e+00,7.573130607604980469e+00,5.703233242034912109e+00,7.123948097229003906e+00,6.053517818450927734e+00,1.073563003540039062e+01,1.342956256866455078e+01,9.031194686889648438e+00,1.070631980895996094e+01,1.163175392150878906e+01
8.782762527465820312e+00,7.865044593811035156e+00,7.464194297790527344e+00,5.530961036682128906e+00,6.909767150878906250e+00,5.577062129974365234e+00,1.067774772644042969e+01,1.295479869842529297e+01,9.005802154541015625e+00,1.040591907501220703e+01,1.141125869750976562e+01
8.701635360717773438e+00,7.933511734008789062e+00,7.498554229736328125e+00,5.711476325988769531e+00,7.099391460418701172e+00,5.665529251098632812e+00,1.064986610412597656e+01,1.310601234436035156e+01,9.011414527893066406e+00,1.042133617401123047e+01,1.140611076354980469e+01
8.781581878662109375e+00,7.814061164855957031e+00,7.405158042907714844e+00,5.559136390686035156e+00,6.784808635711669922e+00,5.516788959503173828e+00,1.047749328613281250e+01,1.285277652740478516e+01,8.917743682861328125e+00,1.041455173492431641e+01,1.137122821807861328e+01
8.805937767028808594e+00,7.937441825866699219e+00,7.405711174011230469e+00,5.643903255462646484e+00,6.763065814971923828e+00,5.679631710052490234e+00,1.042521953582763672e+01,1.309277057647705078e+01,8.910181045532226562e+00,1.062661743164062500e+01,1.146260070800781250e+01
8.703389167785644531e+00,8.159923553466796875e+00,7.668909072875976562e+00,5.736303329467773438e+00,7.152700424194335938e+00,5.886767387390136719e+00,1.030802440643310547e+01,1.314376831054687500e+01,8.961283683776855469e+00,1.035339736938476562e+01,1.143284988403320312e+01
9.575863838195800781e+00,8.562671661376953125e+00,7.368511199951171875e+00,4.978952407836914062e+00,6.813279628753662109e+00,6.040587425231933594e+00,9.682798385620117188e+00,1.363753414154052734e+01,8.960480690002441406e+00,1.128727340698242188e+01,1.217888450622558594e+01
9.700396537780761719e+00,8.672026634216308594e+00,7.578648567199707031e+00,5.093046188354492188e+00,7.302493572235107422e+00,6.421874523162841797e+00,9.993399620056152344e+00,1.378702449798583984e+01,9.268816947937011719e+00,1.142474937438964844e+01,1.231502819061279297e+01
9.793585777282714844e+00,8.727576255798339844e+00,7.636276245117187500e+00,4.942359924316406250e+00,7.398107051849365234e+00,6.647740840911865234e+00,9.768452644348144531e+00,1.364502811431884766e+01,9.237043380737304688e+00,1.145361042022705078e+01,1.235407733917236328e+01
9.790284156799316406e+00,8.627215385437011719e+00,7.782385826110839844e+00,5.025568008422851562e+00,7.267930507659912109e+00,6.616321086883544922e+00,9.582602500915527344e+00,1.378877735137939453e+01,9.477303504943847656e+00,1.152451133728027344e+01,1.252973651885986328e+01
9.637599945068359375e+00,8.720603942871093750e+00,7.517929077148437500e+00,5.109405517578125000e+00,7.295299053192138672e+00,6.348579406738281250e+00,9.937201499938964844e+00,1.376537132263183594e+01,9.207472801208496094e+00,1.142429351806640625e+01,1.232295608520507812e+01
9.919612884521484375e+00,8.732995033264160156e+00,7.450249671936035156e+00,4.896419048309326172e+00,7.178326129913330078e+00,6.372325897216796875e+00,9.517992973327636719e+00,1.375426864624023438e+01,9.146697998046875000e+00,1.145559215545654297e+01,1.241415596008300781e+01
9.590060234069824219e+00,8.768984794616699219e+00,7.599365234375000000e+00,5.017080783843994141e+00,7.317195415496826172e+00,6.655241489410400391e+00,9.714973449707031250e+00,1.350368309020996094e+01,9.056027412414550781e+00,1.109250831604003906e+01,1.202126979827880859e+01
9.579730033874511719e+00,8.825286865234375000e+00,7.521398544311523438e+00,5.037750244140625000e+00,7.415675163269042969e+00,6.666594505310058594e+00,9.832079887390136719e+00,1.366697978973388672e+01,9.173066139221191406e+00,1.142545986175537109e+01,1.244205570220947266e+01
9.732235908508300781e+00,8.736472129821777344e+00,7.611323356628417969e+00,4.948886871337890625e+00,7.335353374481201172e+00,6.696515560150146484e+00,9.656191825866699219e+00,1.353904056549072266e+01,9.158857345581054688e+00,1.130811405181884766e+01,1.221888923645019531e+01
9.631489753723144531e+00,8.786336898803710938e+00,7.480956077575683594e+00,4.917925357818603516e+00,7.285695552825927734e+00,6.603417396545410156e+00,9.672019958496093750e+00,1.355012798309326172e+01,9.054438591003417969e+00,1.134685420989990234e+01,1.223719215393066406e+01
8.463585853576660156e+00,7.831346511840820312e+00,7.573484420776367188e+00,4.596076011657714844e+00,7.512075424194335938e+00,6.448431015014648438e+00,9.104434013366699219e+00,1.256272983551025391e+01,8.747509002685546875e+00,1.039369106292724609e+01,1.127761459350585938e+01
8.984820365905761719e+00,8.301542282104492188e+00,7.866846084594726562e+00,5.096235275268554688e+00,8.924857139587402344e+00,7.270289897918701172e+00,9.713608741760253906e+00,1.309599685668945312e+01,9.174376487731933594e+00,1.077307033538818359e+01,1.178576087951660156e+01
9.446404457092285156e+00,8.502308845520019531e+00,7.909224510192871094e+00,5.361206531524658203e+00,8.478720664978027344e+00,6.569405555725097656e+00,9.511313438415527344e+00,1.326178741455078125e+01,8.915311813354492188e+00,1.036754512786865234e+01,1.151310539245605469e+01
9.394137382507324219e+00,8.685360908508300781e+00,8.101724624633789062e+00,5.790767192840576172e+00,9.286211013793945312e+00,7.326893806457519531e+00,9.766220092773437500e+00,1.362820243835449219e+01,9.469200134277343750e+00,1.084033107757568359e+01,1.184673118591308594e+01
9.410980224609375000e+00,8.567566871643066406e+00,8.046063423156738281e+00,5.953657150268554688e+00,9.086133956909179688e+00,7.499031066894531250e+00,9.171945571899414062e+00,1.342409420013427734e+01,9.372350692749023438e+00,1.078518199920654297e+01,1.172595024108886719e+01
9.466791152954101562e+00,8.472802162170410156e+00,8.054944992065429688e+00,5.799181461334228516e+00,8.842432022094726562e+00,7.340077400207519531e+00,9.123223304748535156e+00,1.332137966156005859e+01,9.223041534423828125e+00,1.070828151702880859e+01,1.170811462402343750e+01
9.463367462158203125e+00,8.409371376037597656e+00,8.133036613464355469e+00,5.886821269989013672e+00,9.245430946350097656e+00,7.611526966094970703e+00,9.101597785949707031e+00,1.328047943115234375e+01,9.409004211425781250e+00,1.086342430114746094e+01,1.168395423889160156e+01
9.561415672302246094e+00,8.622995376586914062e+00,7.930741310119628906e+00,5.652262687683105469e+00,8.380059242248535156e+00,7.196825027465820312e+00,8.995182037353515625e+00,1.331983470916748047e+01,9.102351188659667969e+00,1.064413547515869141e+01,1.160568809509277344e+01
9.612131118774414062e+00,8.545634269714355469e+00,8.038051605224609375e+00,5.758869171142578125e+00,8.423310279846191406e+00,7.231771945953369141e+00,8.889225959777832031e+00,1.326594257354736328e+01,9.055884361267089844e+00,1.060613155364990234e+01,1.154349040985107422e+01
9.354741096496582031e+00,8.500135421752929688e+00,7.944923400878906250e+00,5.793897628784179688e+00,8.446237564086914062e+00,6.996899127960205078e+00,9.181619644165039062e+00,1.329923248291015625e+01,9.063529968261718750e+00,1.067962169647216797e+01,1.151619529724121094e+01
