-3.100287675857543945e+00,-5.141942977905273438e+00,-9.617845535278320312e+00,-2.954490661621093750e+00,-8.295933723449707031e+00,-4.292809009552001953e+00,-5.252213954925537109e+00,-3.523161888122558594e+00,1.020332622528076172e+01
-2.736816883087158203e+00,-4.368067264556884766e+00,-8.880539894104003906e+00,-2.957937240600585938e+00,-7.942426204681396484e+00,-3.614672660827636719e+00,-4.512678146362304688e+00,-3.142470836639404297e+00,1.021728324890136719e+01
-3.347229242324829102e+00,-4.699355125427246094e+00,-9.058493614196777344e+00,-4.655296802520751953e+00,-9.962780952453613281e+00,-5.474684715270996094e+00,-4.374405384063720703e+00,-4.031939029693603516e+00,9.462690353393554688e+00
-2.941420078277587891e+00,-4.442061901092529297e+00,-8.920813560485839844e+00,-4.229313850402832031e+00,-9.436058998107910156e+00,-5.210578441619873047e+00,-4.036920547485351562e+00,-4.416365623474121094e+00,9.397815704345703125e+00
-3.403648614883422852e+00,-4.328671455383300781e+00,-9.428953170776367188e+00,-4.668012142181396484e+00,-9.855338096618652344e+00,-5.325923442840576172e+00,-4.950469970703125000e+00,-3.427994012832641602e+00,9.420259475708007812e+00
-3.292820930480957031e+00,-4.295374870300292969e+00,-9.192539215087890625e+00,-4.631926059722900391e+00,-9.841617584228515625e+00,-5.454670429229736328e+00,-4.596495628356933594e+00,-3.606125831604003906e+00,9.320208549499511719e+00
-3.514905452728271484e+00,-4.791624069213867188e+00,-9.205081939697265625e+00,-4.873603343963623047e+00,-9.932907104492187500e+00,-5.491083621978759766e+00,-4.441690444946289062e+00,-4.134678363800048828e+00,9.358833312988281250e+00
-3.312208652496337891e+00,-4.467358112335205078e+00,-9.144485473632812500e+00,-4.560457706451416016e+00,-9.545791625976562500e+00,-5.355043888092041016e+00,-4.486697196960449219e+00,-3.528352260589599609e+00,9.535104751586914062e+00
-3.176847696304321289e+00,-4.209290504455566406e+00,-9.065830230712890625e+00,-4.652248382568359375e+00,-9.720993995666503906e+00,-5.125626087188720703e+00,-5.015963077545166016e+00,-3.195887565612792969e+00,9.743087768554687500e+00
-3.319644451141357422e+00,-4.198858261108398438e+00,-9.270799636840820312e+00,-4.686721324920654297e+00,-9.644224166870117188e+00,-5.157592296600341797e+00,-4.821185588836669922e+00,-3.257962942123413086e+00,9.619543075561523438e+00
-3.483629941940307617e+00,-5.327109336853027344e+00,-9.392555236816406250e+00,-5.079888820648193359e+00,-8.046214103698730469e+00,-6.112927913665771484e+00,-7.019961357116699219e+00,-5.072151660919189453e+00,9.918793678283691406e+00
-4.791182041168212891e+00,-6.163648605346679688e+00,-1.040262985229492188e+01,-5.360692977905273438e+00,-8.520046234130859375e+00,-1.605889081954956055e+00,-6.564321517944335938e+00,-2.157888650894165039e+00,9.717721939086914062e+00
-4.708746910095214844e+00,-6.114374160766601562e+00,-1.029302406311035156e+01,-5.340740203857421875e+00,-8.550070762634277344e+00,-1.616762638092041016e+00,-6.580581665039062500e+00,-2.103145837783813477e+00,9.800074577331542969e+00
-4.317584991455078125e+00,-6.099743843078613281e+00,-1.002204513549804688e+01,-5.373243808746337891e+00,-8.776881217956542969e+00,-2.482528924942016602e+00,-6.939303398132324219e+00,-2.137702941894531250e+00,9.827322959899902344e+00
-3.972981691360473633e+00,-5.996490478515625000e+00,-9.698944091796875000e+00,-5.254526615142822266e+00,-9.038741111755371094e+00,-2.218472957611083984e+00,-7.031990051269531250e+00,-2.146650075912475586e+00,1.005775451660156250e+01
-4.551357269287109375e+00,-5.967274188995361328e+00,-1.012866401672363281e+01,-5.389428138732910156e+00,-8.398614883422851562e+00,-2.395886421203613281e+00,-6.736721515655517578e+00,-1.981098175048828125e+00,9.937911987304687500e+00
-4.054717063903808594e+00,-6.009139060974121094e+00,-9.697693824768066406e+00,-5.302582263946533203e+00,-9.051031112670898438e+00,-2.055000305175781250e+00,-7.102034568786621094e+00,-2.375315189361572266e+00,9.974794387817382812e+00
-2.711085557937622070e+00,-5.548815727233886719e+00,-8.581745147705078125e+00,-5.153566837310791016e+00,-9.074400901794433594e+00,-4.967660427093505859e+00,-7.543889045715332031e+00,-1.641058683395385742e+00,8.850578308105468750e+00
-3.077261209487915039e+00,-5.664909362792968750e+00,-9.006889343261718750e+00,-5.041903495788574219e+00,-9.356916427612304688e+00,-3.726876735687255859e+00,-7.209486007690429688e+00,-2.339796304702758789e+00,1.033000564575195312e+01
-4.214889049530029297e+00,-5.923081398010253906e+00,-9.789968490600585938e+00,-5.252362728118896484e+00,-8.495783805847167969e+00,-2.738461017608642578e+00,-6.903256416320800781e+00,-1.747713327407836914e+00,9.870092391967773438e+00
-3.896617412567138672e+00,-5.641337394714355469e+00,-1.000531196594238281e+01,-5.395431518554687500e+00,-7.844098567962646484e+00,-6.346769809722900391e+00,-6.894680976867675781e+00,-3.263263940811157227e+00,9.415644645690917969e+00
-3.762429952621459961e+00,-5.373216629028320312e+00,-1.035726356506347656e+01,-4.998466491699218750e+00,-7.883069038391113281e+00,-6.175455570220947266e+00,-6.116871833801269531e+00,-3.807908058166503906e+00,9.816235542297363281e+00
-3.971559524536132812e+00,-5.520233154296875000e+00,-1.036934947967529297e+01,-5.868790626525878906e+00,-7.842777252197265625e+00,-6.760165691375732422e+00,-7.073598384857177734e+00,-3.764778614044189453e+00,9.190473556518554688e+00
-3.995778322219848633e+00,-5.295847892761230469e+00,-9.888740539550781250e+00,-5.479235172271728516e+00,-7.912274360656738281e+00,-6.626920700073242188e+00,-6.696892738342285156e+00,-3.748372077941894531e+00,9.456516265869140625e+00
-3.675484895706176758e+00,-5.241437911987304688e+00,-1.005057144165039062e+01,-5.394394397735595703e+00,-7.647740364074707031e+00,-6.806943416595458984e+00,-6.453969001770019531e+00,-3.806115150451660156e+00,9.220636367797851562e+00
-3.768013000488281250e+00,-5.381464004516601562e+00,-1.036185264587402344e+01,-5.370266437530517578e+00,-7.800693035125732422e+00,-6.511882305145263672e+00,-6.468005180358886719e+00,-3.824531793594360352e+00,9.519167900085449219e+00
-3.747221946716308594e+00,-5.316954612731933594e+00,-9.924535751342773438e+00,-5.185666084289550781e+00,-7.828996181488037109e+00,-6.511237621307373047e+00,-6.402623176574707031e+00,-3.821381568908691406e+00,9.514941215515136719e+00
-3.598455667495727539e+00,-5.270627975463867188e+00,-9.774124145507812500e+00,-5.195001125335693359e+00,-7.805580615997314453e+00,-6.567332744598388672e+00,-6.417961120605468750e+00,-3.988885402679443359e+00,9.419910430908203125e+00
-3.641976594924926758e+00,-5.250522613525390625e+00,-9.975217819213867188e+00,-5.328629970550537109e+00,-7.628633499145507812e+00,-6.693096160888671875e+00,-6.430703163146972656e+00,-3.878039360046386719e+00,9.256595611572265625e+00
-3.534831285476684570e+00,-5.222694396972656250e+00,-1.011399364471435547e+01,-4.995103359222412109e+00,-7.809465408325195312e+00,-6.361788272857666016e+00,-6.035217285156250000e+00,-3.899464845657348633e+00,9.702343940734863281e+00
-4.233906269073486328e+00,-5.315366744995117188e+00,-9.598100662231445312e+00,-5.603040218353271484e+00,-7.778285026550292969e+00,-6.210352420806884766e+00,-7.442544937133789062e+00,-2.274114370346069336e+00,9.111008644104003906e+00
-4.313376903533935547e+00,-5.226655960083007812e+00,-9.627864837646484375e+00,-5.557636260986328125e+00,-7.883797168731689453e+00,-6.213964939117431641e+00,-7.449410438537597656e+00,-2.288055181503295898e+00,9.109066009521484375e+00
-4.071138858795166016e+00,-5.318179130554199219e+00,-9.229887008666992188e+00,-5.525504589080810547e+00,-7.835688591003417969e+00,-6.174288272857666016e+00,-7.395609855651855469e+00,-1.980100393295288086e+00,9.017868995666503906e+00
-4.200208663940429688e+00,-5.423666477203369141e+00,-9.616557121276855469e+00,-5.474572181701660156e+00,-7.902636528015136719e+00,-6.255309581756591797e+00,-7.347790718078613281e+00,-2.789764881134033203e+00,9.257673263549804688e+00
-4.101387500762939453e+00,-5.547602653503417969e+00,-9.391636848449707031e+00,-5.538665294647216797e+00,-7.811296463012695312e+00,-6.196881294250488281e+00,-7.415466308593750000e+00,-2.796908855438232422e+00,9.373400688171386719e+00
-4.257055759429931641e+00,-5.281887531280517578e+00,-9.597679138183593750e+00,-5.503168582916259766e+00,-7.912480354309082031e+00,-6.221096038818359375e+00,-7.374423980712890625e+00,-2.410444736480712891e+00,9.123053550720214844e+00
-4.094141960144042969e+00,-5.478212356567382812e+00,-9.510817527770996094e+00,-5.321961879730224609e+00,-7.799867630004882812e+00,-6.178954601287841797e+00,-7.259510040283203125e+00,-2.926381111145019531e+00,9.295738220214843750e+00
-4.180161952972412109e+00,-5.360516548156738281e+00,-9.585525512695312500e+00,-5.376314640045166016e+00,-7.896485328674316406e+00,-6.208673954010009766e+00,-7.281117916107177734e+00,-2.725727558135986328e+00,9.195256233215332031e+00
-4.204363822937011719e+00,-5.195245265960693359e+00,-9.516860961914062500e+00,-5.480280876159667969e+00,-7.830941200256347656e+00,-6.169061660766601562e+00,-7.306449413299560547e+00,-2.073676109313964844e+00,9.004965782165527344e+00
-4.168515682220458984e+00,-5.334860801696777344e+00,-9.400285720825195312e+00,-5.507819652557373047e+00,-7.845574378967285156e+00,-6.312317848205566406e+00,-7.409080505371093750e+00,-2.470848798751831055e+00,9.033176422119140625e+00
-3.619582414627075195e+00,-5.015876770019531250e+00,-8.750434875488281250e+00,-4.841917037963867188e+00,-8.726586341857910156e+00,-2.097594738006591797e+00,-5.844619274139404297e+00,-1.331408739089965820e+00,1.028218746185302734e+01
-2.329678297042846680e+00,-4.494784832000732422e+00,-7.912301540374755859e+00,-4.334397792816162109e+00,-8.715922355651855469e+00,-3.536274433135986328e+00,-4.981152534484863281e+00,-2.671564102172851562e+00,1.021904563903808594e+01
-1.982402086257934570e+00,-4.500127315521240234e+00,-7.665189266204833984e+00,-4.078988552093505859e+00,-8.383939743041992188e+00,-3.235875606536865234e+00,-4.934417247772216797e+00,-2.666268825531005859e+00,1.044857597351074219e+01
-2.867788314819335938e+00,-4.527789115905761719e+00,-8.848275184631347656e+00,-5.049277782440185547e+00,-9.440076828002929688e+00,-3.883305072784423828e+00,-5.111730098724365234e+00,-3.215889930725097656e+00,9.750485420227050781e+00
-2.271961688995361328e+00,-4.110073566436767578e+00,-8.617921829223632812e+00,-4.168932914733886719e+00,-9.373537063598632812e+00,-3.844840526580810547e+00,-3.742934226989746094e+00,-3.824691295623779297e+00,9.166924476623535156e+00
-1.808624982833862305e+00,-4.556578636169433594e+00,-7.665664196014404297e+00,-4.015445709228515625e+00,-8.207315444946289062e+00,-3.085139274597167969e+00,-4.606396198272705078e+00,-3.293074846267700195e+00,1.062287712097167969e+01
-1.872021079063415527e+00,-4.333796501159667969e+00,-7.700912475585937500e+00,-3.992771863937377930e+00,-8.628121376037597656e+00,-3.457779884338378906e+00,-4.238256931304931641e+00,-3.120591640472412109e+00,1.037123394012451172e+01
-2.371389865875244141e+00,-4.524896621704101562e+00,-8.321761131286621094e+00,-4.108198165893554688e+00,-8.172232627868652344e+00,-3.292393207550048828e+00,-4.467305183410644531e+00,-3.352302551269531250e+00,1.051565361022949219e+01
-1.726876854896545410e+00,-4.459679603576660156e+00,-7.605730533599853516e+00,-3.840243101119995117e+00,-8.243615150451660156e+00,-3.177048206329345703e+00,-4.278681755065917969e+00,-3.195716142654418945e+00,1.046216011047363281e+01
-2.399329662322998047e+00,-4.310226440429687500e+00,-8.855862617492675781e+00,-4.510360717773437500e+00,-9.442973136901855469e+00,-4.035722255706787109e+00,-4.171062469482421875e+00,-3.761582851409912109e+00,9.586748123168945312e+00
-3.422027349472045898e+00,-4.982821941375732422e+00,-9.236595153808593750e+00,-5.450026035308837891e+00,-8.519093513488769531e+00,-4.705603122711181641e+00,-7.030849456787109375e+00,-3.649772644042968750e+00,9.470148086547851562e+00
-4.175124168395996094e+00,-5.123093605041503906e+00,-1.049870395660400391e+01,-5.672973632812500000e+00,-8.720379829406738281e+00,-4.775544643402099609e+00,-6.641163825988769531e+00,-4.620201110839843750e+00,1.013927650451660156e+01
-4.129612922668457031e+00,-5.229362964630126953e+00,-1.029467773437500000e+01,-5.656172752380371094e+00,-8.690602302551269531e+00,-4.248631954193115234e+00,-6.412912368774414062e+00,-4.632221698760986328e+00,1.022017955780029297e+01
-3.309600114822387695e+00,-5.131090641021728516e+00,-9.312239646911621094e+00,-5.444894313812255859e+00,-8.506220817565917969e+00,-4.856757640838623047e+00,-7.153119087219238281e+00,-3.527747392654418945e+00,9.511047363281250000e+00
-3.581835985183715820e+00,-4.994720458984375000e+00,-9.648207664489746094e+00,-5.657037734985351562e+00,-8.887005805969238281e+00,-4.617133140563964844e+00,-6.808350563049316406e+00,-4.252353668212890625e+00,9.961532592773437500e+00
-3.738012075424194336e+00,-4.822871208190917969e+00,-9.802190780639648438e+00,-5.594328880310058594e+00,-8.760104179382324219e+00,-4.754804134368896484e+00,-6.674678802490234375e+00,-3.975938320159912109e+00,9.669948577880859375e+00
-3.673341989517211914e+00,-5.096927642822265625e+00,-9.758982658386230469e+00,-5.415293693542480469e+00,-8.412683486938476562e+00,-4.851632118225097656e+00,-6.598321914672851562e+00,-3.824963092803955078e+00,9.734555244445800781e+00
-3.833209514617919922e+00,-4.692379951477050781e+00,-9.997765541076660156e+00,-5.556567192077636719e+00,-8.803250312805175781e+00,-4.717352390289306641e+00,-6.467368125915527344e+00,-4.192601680755615234e+00,9.873048782348632812e+00
-3.590648412704467773e+00,-4.922587871551513672e+00,-9.645378112792968750e+00,-5.448656082153320312e+00,-8.645774841308593750e+00,-4.719926357269287109e+00,-6.341400623321533203e+00,-4.042254924774169922e+00,9.899240493774414062e+00
-3.988484621047973633e+00,-5.123377799987792969e+00,-1.011571884155273438e+01,-5.653954982757568359e+00,-8.886092185974121094e+00,-4.896494388580322266e+00,-7.211909770965576172e+00,-4.218427181243896484e+00,9.581358909606933594e+00
-2.713840723037719727e+00,-4.643697738647460938e+00,-9.523929595947265625e+00,-5.495478153228759766e+00,-8.912096023559570312e+00,-2.502838134765625000e+00,-6.474350452423095703e+00,-2.042900085449218750e+00,8.024744033813476562e+00
-2.927241563796997070e+00,-4.559958457946777344e+00,-9.347932815551757812e+00,-5.897313594818115234e+00,-8.946389198303222656e+00,-2.866566181182861328e+00,-6.993788719177246094e+00,-2.458276510238647461e+00,8.306982994079589844e+00
-2.653916358947753906e+00,-5.081210136413574219e+00,-9.648552894592285156e+00,-5.983839511871337891e+00,-9.142067909240722656e+00,-4.279189109802246094e+00,-6.982414245605468750e+00,-2.823391914367675781e+00,8.665989875793457031e+00
-2.651975870132446289e+00,-5.391694545745849609e+00,-9.334911346435546875e+00,-6.029576778411865234e+00,-8.457466125488281250e+00,-4.751095771789550781e+00,-6.919173717498779297e+00,-2.779190063476562500e+00,8.803400039672851562e+00
-2.570104122161865234e+00,-4.608590602874755859e+00,-8.850617408752441406e+00,-6.071202278137207031e+00,-8.777658462524414062e+00,-3.415595054626464844e+00,-7.536735534667968750e+00,-2.725790023803710938e+00,7.911363601684570312e+00
-3.087423801422119141e+00,-6.157768249511718750e+00,-9.206447601318359375e+00,-6.203332901000976562e+00,-1.005809974670410156e+01,-6.107254981994628906e+00,-7.769377231597900391e+00,-4.626572132110595703e+00,8.527989387512207031e+00
-2.596798181533813477e+00,-4.714600086212158203e+00,-9.329079627990722656e+00,-6.360167026519775391e+00,-9.276244163513183594e+00,-3.946649074554443359e+00,-7.376083374023437500e+00,-3.159449577331542969e+00,8.241634368896484375e+00
-2.378785848617553711e+00,-6.134755611419677734e+00,-9.891860961914062500e+00,-6.856401443481445312e+00,-1.020957183837890625e+01,-5.917982578277587891e+00,-6.949289321899414062e+00,-3.914403915405273438e+00,8.409994125366210938e+00
-2.425131320953369141e+00,-5.621637344360351562e+00,-8.846869468688964844e+00,-5.913953304290771484e+00,-1.002661132812500000e+01,-6.149019718170166016e+00,-7.167243480682373047e+00,-4.003948688507080078e+00,8.802094459533691406e+00
-2.610126495361328125e+00,-5.452594757080078125e+00,-9.963479995727539062e+00,-6.417723655700683594e+00,-9.433753967285156250e+00,-4.889000892639160156e+00,-6.953253746032714844e+00,-3.361674070358276367e+00,8.607651710510253906e+00
-3.573904752731323242e+00,-5.271618843078613281e+00,-9.086442947387695312e+00,-5.732038974761962891e+00,-1.021633338928222656e+01,-6.321138858795166016e+00,-8.669720649719238281e+00,-4.707113742828369141e+00,8.732599258422851562e+00
-3.662698030471801758e+00,-5.122255802154541016e+00,-9.505913734436035156e+00,-5.962152957916259766e+00,-1.024819660186767578e+01,-6.482167243957519531e+00,-8.949764251708984375e+00,-4.836406230926513672e+00,8.710579872131347656e+00
-3.663718223571777344e+00,-5.101549148559570312e+00,-9.555759429931640625e+00,-6.141936302185058594e+00,-1.027756309509277344e+01,-6.502880573272705078e+00,-8.937050819396972656e+00,-4.816570758819580078e+00,8.580873489379882812e+00
-3.675672769546508789e+00,-5.039287567138671875e+00,-9.568471908569335938e+00,-6.088100433349609375e+00,-1.021295356750488281e+01,-6.632105827331542969e+00,-8.939674377441406250e+00,-5.035670757293701172e+00,8.620909690856933594e+00
-3.766524553298950195e+00,-5.188725948333740234e+00,-1.003699302673339844e+01,-6.482459545135498047e+00,-1.026496696472167969e+01,-6.494423389434814453e+00,-9.149615287780761719e+00,-4.965425968170166016e+00,8.278148651123046875e+00
-3.603741407394409180e+00,-5.282329559326171875e+00,-9.438138961791992188e+00,-6.274486541748046875e+00,-1.035607719421386719e+01,-6.580025196075439453e+00,-9.266897201538085938e+00,-4.854091644287109375e+00,8.219377517700195312e+00
-3.525646448135375977e+00,-5.127416610717773438e+00,-9.935873031616210938e+00,-6.356465339660644531e+00,-1.012308216094970703e+01,-6.166182041168212891e+00,-8.587657928466796875e+00,-4.479095935821533203e+00,8.223102569580078125e+00
-3.539763212203979492e+00,-5.567517280578613281e+00,-9.952597618103027344e+00,-6.486817836761474609e+00,-9.989179611206054688e+00,-6.417273998260498047e+00,-8.705010414123535156e+00,-4.198869228363037109e+00,8.126132965087890625e+00
-3.575381278991699219e+00,-5.357606887817382812e+00,-9.836185455322265625e+00,-6.428925514221191406e+00,-1.010559654235839844e+01,-6.488285064697265625e+00,-9.147319793701171875e+00,-4.624481201171875000e+00,8.158202171325683594e+00
-3.654002428054809570e+00,-5.356693267822265625e+00,-1.008439350128173828e+01,-6.487857818603515625e+00,-1.026276206970214844e+01,-5.671184062957763672e+00,-8.391892433166503906e+00,-4.429247856140136719e+00,8.448602676391601562e+00
-3.638830184936523438e+00,-4.699934482574462891e+00,-9.512842178344726562e+00,-4.903131961822509766e+00,-8.293894767761230469e+00,-1.824473619461059570e+00,-6.332443237304687500e+00,-3.475883007049560547e+00,9.756950378417968750e+00
-2.696532249450683594e+00,-4.687979221343994141e+00,-8.379600524902343750e+00,-3.586892604827880859e+00,-7.078884124755859375e+00,-2.615921020507812500e+00,-4.671126365661621094e+00,-2.577404499053955078e+00,1.042436408996582031e+01
-5.236876010894775391e-01,-1.091417670249938965e+00,-6.596887111663818359e+00,-3.160155773162841797e+00,-4.263566017150878906e+00,-7.956421971321105957e-01,-4.094370841979980469e+00,-6.235218048095703125e-02,8.139090538024902344e+00
-2.931911230087280273e+00,-4.684260845184326172e+00,-8.798270225524902344e+00,-3.869308233261108398e+00,-7.684167861938476562e+00,-3.072603225708007812e+00,-5.123487949371337891e+00,-3.318280935287475586e+00,9.596494674682617188e+00
-1.883973240852355957e+00,-4.644669532775878906e+00,-7.782946109771728516e+00,-3.006566524505615234e+00,-6.101147174835205078e+00,-2.142739772796630859e+00,-3.914708614349365234e+00,-3.046734333038330078e+00,1.083633232116699219e+01
-2.691531181335449219e+00,-4.575367927551269531e+00,-8.728553771972656250e+00,-3.678524971008300781e+00,-7.263790130615234375e+00,-3.414481639862060547e+00,-4.706943035125732422e+00,-3.389183998107910156e+00,9.748432159423828125e+00
-3.046060800552368164e+00,-4.616089820861816406e+00,-9.664392471313476562e+00,-3.770868301391601562e+00,-7.419381141662597656e+00,-3.323625087738037109e+00,-4.637936115264892578e+00,-4.071441173553466797e+00,9.162824630737304688e+00
-3.347666263580322266e+00,-4.621120929718017578e+00,-9.386731147766113281e+00,-3.726336717605590820e+00,-7.769645690917968750e+00,-3.566624641418457031e+00,-5.112173080444335938e+00,-2.569895744323730469e+00,1.054898548126220703e+01
-3.214758872985839844e+00,-4.516927242279052734e+00,-9.110408782958984375e+00,-3.715348005294799805e+00,-7.782013416290283203e+00,-3.772394657135009766e+00,-4.882980346679687500e+00,-2.951062202453613281e+00,1.019504928588867188e+01
-2.823246479034423828e+00,-4.600764274597167969e+00,-8.704561233520507812e+00,-3.558849811553955078e+00,-7.318254947662353516e+00,-2.904411792755126953e+00,-4.807185649871826172e+00,-2.641708374023437500e+00,1.051543903350830078e+01
-8.528712987899780273e-01,-3.580506324768066406e+00,-6.822659969329833984e+00,-5.361572742462158203e+00,-9.832745552062988281e+00,-6.018795490264892578e+00,-6.471260070800781250e+00,-4.167959690093994141e+00,9.941722869873046875e+00
-9.589930772781372070e-01,-3.820955753326416016e+00,-6.952336311340332031e+00,-5.377355098724365234e+00,-9.898403167724609375e+00,-6.137129783630371094e+00,-6.428736686706542969e+00,-4.337102413177490234e+00,9.976474761962890625e+00
-2.412249803543090820e+00,-5.378081321716308594e+00,-9.355324745178222656e+00,-6.060801029205322266e+00,-1.019871330261230469e+01,-5.922406673431396484e+00,-7.249730587005615234e+00,-4.210152149200439453e+00,9.512915611267089844e+00
-2.351056575775146484e+00,-5.454243659973144531e+00,-9.174457550048828125e+00,-6.165283203125000000e+00,-1.028421306610107422e+01,-5.925991535186767578e+00,-7.112315177917480469e+00,-4.388611316680908203e+00,9.264539718627929688e+00
-1.028978109359741211e+00,-3.806405067443847656e+00,-7.133334636688232422e+00,-5.383882045745849609e+00,-9.903714179992675781e+00,-6.035853862762451172e+00,-6.465686798095703125e+00,-4.293163776397705078e+00,9.776668548583984375e+00
-2.151233911514282227e+00,-4.801863670349121094e+00,-8.578613281250000000e+00,-5.773308277130126953e+00,-1.009298706054687500e+01,-5.403835773468017578e+00,-6.927292823791503906e+00,-4.279395580291748047e+00,1.019006252288818359e+01
-1.797590494155883789e+00,-4.480041503906250000e+00,-8.497186660766601562e+00,-6.017010688781738281e+00,-1.013557243347167969e+01,-5.320603370666503906e+00,-6.554375648498535156e+00,-4.422779083251953125e+00,9.178710937500000000e+00
-2.034113883972167969e+00,-4.963631629943847656e+00,-8.432722091674804688e+00,-5.954048633575439453e+00,-1.034901237487792969e+01,-6.220235347747802734e+00,-7.137374877929687500e+00,-4.621532440185546875e+00,9.397285461425781250e+00
-2.334260702133178711e+00,-6.253954410552978516e+00,-9.808263778686523438e+00,-7.023740768432617188e+00,-1.042122650146484375e+01,-6.080304622650146484e+00,-7.091958522796630859e+00,-3.958230257034301758e+00,8.352217674255371094e+00
-3.326569795608520508e+00,-5.188125610351562500e+00,-9.898885726928710938e+00,-5.504347324371337891e+00,-9.625804901123046875e+00,-3.190193653106689453e+00,-7.143393039703369141e+00,-3.117999315261840820e+00,1.007989025115966797e+01
-3.201149940490722656e+00,-4.914637565612792969e+00,-8.879843711853027344e+00,-5.026010513305664062e+00,-8.847065925598144531e+00,-3.891510963439941406e+00,-5.272682189941406250e+00,-3.187638998031616211e+00,1.015692996978759766e+01
-2.959582805633544922e+00,-4.925108432769775391e+00,-8.715759277343750000e+00,-4.791914463043212891e+00,-8.752860069274902344e+00,-3.574866294860839844e+00,-5.143628597259521484e+00,-3.321911573410034180e+00,1.028479576110839844e+01
-2.533723592758178711e+00,-5.071557044982910156e+00,-8.379508972167968750e+00,-4.221908569335937500e+00,-7.833859920501708984e+00,-3.246930122375488281e+00,-4.876230239868164062e+00,-3.314270019531250000e+00,1.065412998199462891e+01
-3.250667095184326172e+00,-4.438684463500976562e+00,-8.928764343261718750e+00,-4.524213790893554688e+00,-9.369684219360351562e+00,-4.933054447174072266e+00,-4.134433269500732422e+00,-3.449595451354980469e+00,9.757010459899902344e+00
-3.237730979919433594e+00,-4.365050315856933594e+00,-9.213632583618164062e+00,-4.884517192840576172e+00,-8.946169853210449219e+00,-4.557425022125244141e+00,-4.946647167205810547e+00,-3.699126005172729492e+00,9.889841079711914062e+00
-2.914483308792114258e+00,-4.698362350463867188e+00,-8.801224708557128906e+00,-4.619407653808593750e+00,-8.767343521118164062e+00,-4.366154193878173828e+00,-4.702728748321533203e+00,-3.708345651626586914e+00,1.025259971618652344e+01
-3.139482736587524414e+00,-4.399541854858398438e+00,-9.217874526977539062e+00,-4.817732810974121094e+00,-8.936585426330566406e+00,-4.485076904296875000e+00,-4.683202266693115234e+00,-3.842222929000854492e+00,9.829854965209960938e+00
-2.793558120727539062e+00,-4.572048664093017578e+00,-8.817770957946777344e+00,-4.543960571289062500e+00,-8.688642501831054688e+00,-4.203021049499511719e+00,-4.700225830078125000e+00,-3.607598304748535156e+00,1.024692916870117188e+01
-3.041078567504882812e+00,-4.242654800415039062e+00,-8.990503311157226562e+00,-4.346288681030273438e+00,-9.027300834655761719e+00,-4.518646240234375000e+00,-3.958552360534667969e+00,-3.689644336700439453e+00,9.775566101074218750e+00
-2.958996772766113281e+00,-4.231505870819091797e+00,-9.011672973632812500e+00,-4.333590507507324219e+00,-8.953442573547363281e+00,-4.304977893829345703e+00,-4.006092071533203125e+00,-3.706773996353149414e+00,9.827742576599121094e+00
-4.254385471343994141e+00,-6.037269592285156250e+00,-1.048382472991943359e+01,-4.633378982543945312e+00,-7.977028369903564453e+00,-5.934576034545898438e+00,-6.363996982574462891e+00,-3.689050436019897461e+00,9.993768692016601562e+00
-4.012897968292236328e+00,-5.866941928863525391e+00,-1.058379650115966797e+01,-4.488969802856445312e+00,-7.833229064941406250e+00,-5.952232360839843750e+00,-6.353932380676269531e+00,-3.864274501800537109e+00,1.013206195831298828e+01
-3.972976684570312500e+00,-5.869750976562500000e+00,-1.058503341674804688e+01,-4.433756351470947266e+00,-7.828718185424804688e+00,-5.751476764678955078e+00,-6.359763622283935547e+00,-3.713246345520019531e+00,9.986366271972656250e+00
-3.862508535385131836e+00,-5.763505935668945312e+00,-1.040216255187988281e+01,-4.491553306579589844e+00,-7.801779747009277344e+00,-5.777167320251464844e+00,-6.270936965942382812e+00,-3.959672927856445312e+00,1.008207988739013672e+01
-3.811777830123901367e+00,-5.710093498229980469e+00,-1.069860649108886719e+01,-4.508913516998291016e+00,-7.816755294799804688e+00,-5.713761806488037109e+00,-6.150642395019531250e+00,-3.798345565795898438e+00,9.954898834228515625e+00
-3.851978302001953125e+00,-5.743835926055908203e+00,-1.057163715362548828e+01,-4.443265914916992188e+00,-7.817963600158691406e+00,-5.720129489898681641e+00,-6.281769752502441406e+00,-3.946732521057128906e+00,1.000423526763916016e+01
-3.824695825576782227e+00,-5.724120616912841797e+00,-1.052463150024414062e+01,-4.481061935424804688e+00,-7.791846275329589844e+00,-5.711717128753662109e+00,-6.235121726989746094e+00,-3.907717227935791016e+00,9.991861343383789062e+00
-4.042444229125976562e+00,-5.843084812164306641e+00,-1.064796066284179688e+01,-4.479553222656250000e+00,-7.851568222045898438e+00,-5.925501346588134766e+00,-6.342023372650146484e+00,-3.896288871765136719e+00,9.992361068725585938e+00
-3.823560237884521484e+00,-5.751599311828613281e+00,-1.058383274078369141e+01,-4.464999198913574219e+00,-7.800523281097412109e+00,-5.731639385223388672e+00,-6.214912414550781250e+00,-3.930512428283691406e+00,9.972728729248046875e+00
-3.834130287170410156e+00,-5.735174655914306641e+00,-1.057629108428955078e+01,-4.500679969787597656e+00,-7.803429126739501953e+00,-5.707514286041259766e+00,-6.247236728668212891e+00,-3.888282060623168945e+00,1.001629543304443359e+01
