4.708867549896240234e+00,3.362612009048461914e+00,-1.579531192779541016e+00,6.196825027465820312e+00,2.101351737976074219e+00,6.039047718048095703e+00,5.568982124328613281e+00,6.394764900207519531e+00,1.080642700195312500e+01,5.149202823638916016e+00
4.832125663757324219e+00,3.043538808822631836e+00,-8.981221914291381836e-01,5.922175884246826172e+00,1.949689388275146484e+00,6.946972846984863281e+00,5.723919391632080078e+00,6.618931770324707031e+00,1.116463661193847656e+01,5.552007675170898438e+00
4.754460811614990234e+00,3.526104211807250977e+00,-6.135822534561157227e-01,5.958376407623291016e+00,1.584293484687805176e+00,5.935230255126953125e+00,6.682589530944824219e+00,5.836132526397705078e+00,1.147663497924804688e+01,5.223340988159179688e+00
5.177680969238281250e+00,3.325927972793579102e+00,-4.862016737461090088e-01,5.960439205169677734e+00,1.589910984039306641e+00,5.471666336059570312e+00,5.606400489807128906e+00,6.055658340454101562e+00,1.134629821777343750e+01,5.265204906463623047e+00
5.005022525787353516e+00,3.707453489303588867e+00,-2.192443013191223145e-01,5.917643070220947266e+00,1.448657989501953125e+00,6.206080913543701172e+00,6.386884212493896484e+00,6.223310470581054688e+00,1.134484863281250000e+01,5.119375228881835938e+00
4.972748279571533203e+00,3.831237077713012695e+00,-5.306234359741210938e-01,6.020657062530517578e+00,1.550686717033386230e+00,6.444952011108398438e+00,6.525282859802246094e+00,6.170902252197265625e+00,1.115552520751953125e+01,5.136158943176269531e+00
4.655882358551025391e+00,3.601516008377075195e+00,-6.368529796600341797e-01,5.996175289154052734e+00,1.373391151428222656e+00,5.717350006103515625e+00,6.808156013488769531e+00,5.727974891662597656e+00,1.140691375732421875e+01,5.064383506774902344e+00
4.940677642822265625e+00,3.599872827529907227e+00,-4.266220331192016602e-01,5.876356124877929688e+00,1.332023859024047852e+00,6.050118446350097656e+00,5.864109039306640625e+00,6.192876815795898438e+00,1.136464881896972656e+01,4.837234973907470703e+00
5.030526161193847656e+00,3.776500463485717773e+00,-1.804513037204742432e-01,5.906153202056884766e+00,1.414780139923095703e+00,6.313603401184082031e+00,6.348634719848632812e+00,6.349783897399902344e+00,1.125381469726562500e+01,5.031007766723632812e+00
5.026060104370117188e+00,3.898079156875610352e+00,-2.879765629768371582e-01,6.067624568939208984e+00,1.437598228454589844e+00,6.309489250183105469e+00,6.550763130187988281e+00,5.981181144714355469e+00,1.125891304016113281e+01,5.135486602783203125e+00
4.567605018615722656e+00,3.899677515029907227e+00,-9.706124067306518555e-01,4.922685623168945312e+00,4.208781242370605469e+00,4.920105457305908203e+00,3.380511283874511719e+00,6.044871330261230469e+00,1.094072723388671875e+01,4.221648216247558594e+00
4.670104503631591797e+00,2.832822322845458984e+00,-9.966221451759338379e-01,6.056332588195800781e+00,3.446522951126098633e+00,9.621257781982421875e+00,6.063756942749023438e+00,7.806129455566406250e+00,1.171073913574218750e+01,5.694442749023437500e+00
4.755218029022216797e+00,2.982187986373901367e+00,-9.153213500976562500e-01,6.178047180175781250e+00,3.646864891052246094e+00,9.713541030883789062e+00,6.253156661987304688e+00,8.128504753112792969e+00,1.179351997375488281e+01,5.808802604675292969e+00
5.131617546081542969e+00,2.984798192977905273e+00,-7.808153033256530762e-01,6.010995388031005859e+00,3.379391431808471680e+00,9.171974182128906250e+00,5.867029666900634766e+00,7.821600437164306641e+00,1.170631599426269531e+01,5.570838928222656250e+00
5.161735534667968750e+00,2.942373275756835938e+00,-6.578568220138549805e-01,5.665945529937744141e+00,2.709123611450195312e+00,9.110115051269531250e+00,5.389408588409423828e+00,7.925498485565185547e+00,1.153304672241210938e+01,5.421748161315917969e+00
4.094009876251220703e+00,3.128953218460083008e+00,-1.082723140716552734e+00,5.441381454467773438e+00,3.157722234725952148e+00,8.602080345153808594e+00,5.341623306274414062e+00,6.586340427398681641e+00,1.128116798400878906e+01,4.621286392211914062e+00
5.007312297821044922e+00,2.759156703948974609e+00,-1.013966441154479980e+00,5.646591663360595703e+00,2.814483404159545898e+00,9.076507568359375000e+00,5.128603935241699219e+00,8.187252998352050781e+00,1.138516044616699219e+01,5.349391460418701172e+00
5.387186527252197266e+00,2.629347801208496094e+00,-4.965504109859466553e-01,5.147258758544921875e+00,2.339952468872070312e+00,8.626791954040527344e+00,4.892538070678710938e+00,7.948169708251953125e+00,1.117125511169433594e+01,4.971447467803955078e+00
4.885207176208496094e+00,2.775434732437133789e+00,-9.468817114830017090e-01,5.099919795989990234e+00,2.339913129806518555e+00,8.244595527648925781e+00,4.361342430114746094e+00,6.987070083618164062e+00,1.108635520935058594e+01,4.531185150146484375e+00
4.491529941558837891e+00,3.459919214248657227e+00,-9.056535959243774414e-01,5.748733997344970703e+00,3.304765939712524414e+00,8.770996093750000000e+00,5.729588508605957031e+00,6.844112873077392578e+00,1.151962471008300781e+01,4.938431739807128906e+00
5.174767017364501953e+00,3.659685611724853516e+00,-9.975976347923278809e-01,6.284227848052978516e+00,3.986480474472045898e+00,5.924626827239990234e+00,5.313300609588623047e+00,7.533267974853515625e+00,1.207871627807617188e+01,5.254284858703613281e+00
5.223630428314208984e+00,4.359339714050292969e+00,-6.969160437583923340e-01,5.524079799652099609e+00,3.446424961090087891e+00,5.480915546417236328e+00,4.605605602264404297e+00,7.200178146362304688e+00,1.199417304992675781e+01,4.746121883392333984e+00
5.401557922363281250e+00,4.551074028015136719e+00,-6.008216142654418945e-01,5.447359085083007812e+00,3.939750194549560547e+00,5.293664455413818359e+00,4.627595424652099609e+00,7.137895584106445312e+00,1.219983482360839844e+01,4.844231605529785156e+00
5.310210227966308594e+00,4.542004585266113281e+00,-5.478855967521667480e-01,5.422655582427978516e+00,3.771466493606567383e+00,5.262476444244384766e+00,4.412990093231201172e+00,7.012081623077392578e+00,1.205748558044433594e+01,4.690567970275878906e+00
5.439903259277343750e+00,4.740998268127441406e+00,-3.421614468097686768e-01,5.290908336639404297e+00,3.766559839248657227e+00,5.115626811981201172e+00,4.345401287078857422e+00,6.775614261627197266e+00,1.207001113891601562e+01,4.631800651550292969e+00
5.502657890319824219e+00,4.634314060211181641e+00,-3.104357421398162842e-01,5.429235935211181641e+00,3.670019865036010742e+00,5.339409351348876953e+00,4.620214462280273438e+00,6.945418357849121094e+00,1.214230346679687500e+01,4.753928661346435547e+00
5.459614753723144531e+00,4.599072456359863281e+00,-2.021592855453491211e-01,5.399640560150146484e+00,3.504357099533081055e+00,5.319118976593017578e+00,4.423737049102783203e+00,6.837685108184814453e+00,1.208842086791992188e+01,4.646634101867675781e+00
5.461701393127441406e+00,4.759235858917236328e+00,-1.008067727088928223e-01,5.420813560485839844e+00,3.501623392105102539e+00,5.280609130859375000e+00,4.507656097412109375e+00,6.723158836364746094e+00,1.206572341918945312e+01,4.599067687988281250e+00
5.294025421142578125e+00,4.409905433654785156e+00,-1.015610098838806152e-01,5.432829380035400391e+00,3.194879055023193359e+00,5.427337169647216797e+00,4.379301548004150391e+00,6.760473251342773438e+00,1.185229301452636719e+01,4.499132633209228516e+00
5.459149360656738281e+00,4.713284492492675781e+00,1.495442390441894531e-01,5.452872753143310547e+00,3.264430046081542969e+00,5.440377712249755859e+00,4.545624256134033203e+00,6.726067543029785156e+00,1.204389953613281250e+01,4.582898139953613281e+00
4.669841766357421875e+00,3.005376577377319336e+00,-1.393195867538452148e+00,6.018060684204101562e+00,3.906055212020874023e+00,5.898622035980224609e+00,4.354546070098876953e+00,7.835439682006835938e+00,1.163878440856933594e+01,4.881267547607421875e+00
4.517891883850097656e+00,2.930503129959106445e+00,-1.393641948699951172e+00,5.784595966339111328e+00,3.867653608322143555e+00,5.729931354522705078e+00,3.892612218856811523e+00,7.910883426666259766e+00,1.146878814697265625e+01,4.667808532714843750e+00
4.889021396636962891e+00,3.168914079666137695e+00,-1.298952221870422363e+00,6.480849742889404297e+00,4.059889793395996094e+00,6.128791332244873047e+00,4.978942871093750000e+00,7.615763187408447266e+00,1.179697990417480469e+01,5.095806598663330078e+00
5.003116607666015625e+00,3.205588102340698242e+00,-1.394498109817504883e+00,6.630187988281250000e+00,4.032443046569824219e+00,6.219556808471679688e+00,5.242469310760498047e+00,7.496092796325683594e+00,1.184014129638671875e+01,5.226184844970703125e+00
4.835326194763183594e+00,3.113621473312377930e+00,-1.323352336883544922e+00,6.285999774932861328e+00,4.105712890625000000e+00,6.095060348510742188e+00,4.706320762634277344e+00,7.674041748046875000e+00,1.171391296386718750e+01,5.058097362518310547e+00
4.873711585998535156e+00,3.246579647064208984e+00,-1.344287872314453125e+00,6.560085296630859375e+00,3.991367101669311523e+00,6.124732494354248047e+00,5.088173866271972656e+00,7.495624542236328125e+00,1.175592041015625000e+01,5.111605644226074219e+00
5.034625053405761719e+00,3.263470649719238281e+00,-1.491116046905517578e+00,6.705987453460693359e+00,3.976273775100708008e+00,6.188657283782958984e+00,5.295451641082763672e+00,7.365722656250000000e+00,1.183340835571289062e+01,5.269150257110595703e+00
4.971983909606933594e+00,3.287135839462280273e+00,-1.469486236572265625e+00,6.663341522216796875e+00,3.991672039031982422e+00,6.157557010650634766e+00,5.250446319580078125e+00,7.413113117218017578e+00,1.180567741394042969e+01,5.229114055633544922e+00
4.596054553985595703e+00,3.087185621261596680e+00,-1.286763310432434082e+00,6.056686878204345703e+00,3.922556161880493164e+00,5.824049472808837891e+00,4.180665493011474609e+00,7.791001796722412109e+00,1.156142616271972656e+01,4.894831180572509766e+00
4.609989643096923828e+00,3.216879367828369141e+00,-1.435548067092895508e+00,6.281356334686279297e+00,3.788581848144531250e+00,5.782073974609375000e+00,4.534518718719482422e+00,7.738993644714355469e+00,1.161574935913085938e+01,5.028485774993896484e+00
5.672174453735351562e+00,3.709517002105712891e+00,1.938457965850830078e+00,5.595835208892822266e+00,2.957823753356933594e+00,7.991002082824707031e+00,5.697821617126464844e+00,7.548830032348632812e+00,1.120462608337402344e+01,5.013290882110595703e+00
5.051887989044189453e+00,3.303825378417968750e+00,8.407366871833801270e-01,5.301278114318847656e+00,1.705682158470153809e+00,7.474451065063476562e+00,5.288432598114013672e+00,7.229776382446289062e+00,1.088880920410156250e+01,4.763432025909423828e+00
4.625771045684814453e+00,3.101453065872192383e+00,-3.763696253299713135e-01,5.769616603851318359e+00,2.128735542297363281e+00,6.985743999481201172e+00,5.693442821502685547e+00,6.922027587890625000e+00,1.068097305297851562e+01,5.149613380432128906e+00
4.713794231414794922e+00,3.050446033477783203e+00,-1.448828577995300293e-01,5.646060943603515625e+00,2.082230091094970703e+00,7.389288902282714844e+00,5.797688961029052734e+00,7.072577476501464844e+00,1.083756065368652344e+01,5.191788673400878906e+00
4.777212142944335938e+00,2.875232458114624023e+00,-1.509567022323608398e+00,5.892953872680664062e+00,2.056574821472167969e+00,7.053157329559326172e+00,6.670163154602050781e+00,5.331605911254882812e+00,1.040373420715332031e+01,4.998203277587890625e+00
4.814238071441650391e+00,3.279026746749877930e+00,-1.149737834930419922e-01,5.599236965179443359e+00,2.078089714050292969e+00,7.376123905181884766e+00,5.823136329650878906e+00,6.914008140563964844e+00,1.079327201843261719e+01,5.077067375183105469e+00
4.801851749420166016e+00,2.961642026901245117e+00,-3.162579536437988281e-01,5.691683769226074219e+00,1.773356199264526367e+00,7.260910987854003906e+00,5.744651794433593750e+00,6.735584259033203125e+00,1.064794921875000000e+01,5.131960868835449219e+00
4.523465156555175781e+00,3.111434459686279297e+00,-8.415991663932800293e-01,5.629804611206054688e+00,1.743572473526000977e+00,6.950985431671142578e+00,6.043276786804199219e+00,6.740969657897949219e+00,1.046265220642089844e+01,4.835777759552001953e+00
4.704129695892333984e+00,2.843314170837402344e+00,-5.354449152946472168e-01,5.670612335205078125e+00,1.861993074417114258e+00,6.769679546356201172e+00,5.776226520538330078e+00,6.774157524108886719e+00,1.044336318969726562e+01,5.126506328582763672e+00
4.757985591888427734e+00,2.682202816009521484e+00,-1.387601256370544434e+00,5.836487293243408203e+00,1.958504915237426758e+00,7.102777481079101562e+00,6.619973182678222656e+00,5.621831893920898438e+00,1.040839385986328125e+01,5.161955833435058594e+00
4.760879993438720703e+00,4.896091461181640625e+00,-2.083292245864868164e+00,5.907497882843017578e+00,4.488335609436035156e+00,7.125215530395507812e+00,6.368435859680175781e+00,6.740669250488281250e+00,1.208467292785644531e+01,4.902911663055419922e+00
4.704896926879882812e+00,5.011496543884277344e+00,-2.275871753692626953e+00,5.701159954071044922e+00,4.787979125976562500e+00,7.164185047149658203e+00,6.405378341674804688e+00,6.102860450744628906e+00,1.182365989685058594e+01,4.959434032440185547e+00
4.688452243804931641e+00,4.796910285949707031e+00,-2.236851215362548828e+00,5.569225788116455078e+00,4.671540260314941406e+00,7.613645076751708984e+00,6.088162899017333984e+00,6.270083427429199219e+00,1.152118492126464844e+01,4.808169364929199219e+00
4.766939640045166016e+00,4.686995506286621094e+00,-2.248985052108764648e+00,5.542614936828613281e+00,4.567110061645507812e+00,7.493676662445068359e+00,5.935409545898437500e+00,6.567623138427734375e+00,1.162335014343261719e+01,4.785092830657958984e+00
4.761387348175048828e+00,4.854680061340332031e+00,-2.270274162292480469e+00,5.544144153594970703e+00,4.687046051025390625e+00,7.097970962524414062e+00,5.857087612152099609e+00,6.348041534423828125e+00,1.158347892761230469e+01,4.794335842132568359e+00
4.738056182861328125e+00,4.787704467773437500e+00,-2.222133398056030273e+00,5.603135585784912109e+00,4.565808296203613281e+00,6.971685886383056641e+00,5.834782600402832031e+00,6.368933677673339844e+00,1.159098243713378906e+01,4.769886493682861328e+00
4.741940021514892578e+00,4.647077560424804688e+00,-1.972800254821777344e+00,5.848930358886718750e+00,4.580953598022460938e+00,7.463843345642089844e+00,5.959923744201660156e+00,6.266819953918457031e+00,1.169475555419921875e+01,4.888318061828613281e+00
4.717472553253173828e+00,4.826252937316894531e+00,-2.199048995971679688e+00,5.667607307434082031e+00,4.588119506835937500e+00,7.005856513977050781e+00,5.933069229125976562e+00,6.264720439910888672e+00,1.152683067321777344e+01,4.818406105041503906e+00
4.725618362426757812e+00,4.816970825195312500e+00,-2.113643884658813477e+00,5.654529094696044922e+00,4.715609550476074219e+00,7.476807594299316406e+00,6.286545276641845703e+00,6.424718856811523438e+00,1.178102874755859375e+01,4.896784782409667969e+00
4.877204895019531250e+00,4.262147903442382812e+00,-2.226888656616210938e+00,5.270937919616699219e+00,4.018548965454101562e+00,6.405158519744873047e+00,5.249731540679931641e+00,6.942975044250488281e+00,1.158278465270996094e+01,4.666132450103759766e+00
3.840186595916748047e+00,3.280678510665893555e+00,-2.247497558593750000e+00,5.294519901275634766e+00,4.190512657165527344e+00,9.290002822875976562e+00,5.583441257476806641e+00,8.896578788757324219e+00,1.101309394836425781e+01,5.023466587066650391e+00
3.745997428894042969e+00,3.529955625534057617e+00,-2.404339790344238281e+00,4.634266853332519531e+00,4.092017173767089844e+00,8.969706535339355469e+00,5.141100406646728516e+00,8.842690467834472656e+00,1.067653274536132812e+01,4.544246196746826172e+00
3.774439811706542969e+00,2.885994434356689453e+00,-2.558463811874389648e+00,3.615158557891845703e+00,2.735485792160034180e+00,4.995452404022216797e+00,2.391398429870605469e+00,5.696436405181884766e+00,9.884901046752929688e+00,3.868674755096435547e+00
3.489707469940185547e+00,2.858348131179809570e+00,-2.789755105972290039e+00,3.699696063995361328e+00,4.268614292144775391e+00,4.931424140930175781e+00,2.278181552886962891e+00,6.383272171020507812e+00,1.002283668518066406e+01,4.272817134857177734e+00
5.192797183990478516e+00,3.403327226638793945e+00,-1.307341575622558594e+00,4.829528808593750000e+00,1.308777451515197754e+00,8.082468986511230469e+00,3.930238246917724609e+00,7.182304382324218750e+00,1.098044967651367188e+01,3.907400608062744141e+00
4.131887435913085938e+00,2.895746946334838867e+00,-1.368530392646789551e+00,4.777142047882080078e+00,8.684592247009277344e-01,5.106785774230957031e+00,3.664051532745361328e+00,5.312130928039550781e+00,1.062370300292968750e+01,3.238752365112304688e+00
3.441114902496337891e+00,2.626474618911743164e+00,-3.057854652404785156e+00,3.456596374511718750e+00,3.858612775802612305e+00,5.356955528259277344e+00,2.131231307983398438e+00,6.541583061218261719e+00,9.647439956665039062e+00,3.918412923812866211e+00
3.984583854675292969e+00,2.937317848205566406e+00,-2.310232877731323242e+00,3.653284549713134766e+00,3.001430988311767578e+00,4.848619937896728516e+00,2.425349235534667969e+00,5.789102554321289062e+00,1.027095413208007812e+01,3.985845565795898438e+00
4.015377044677734375e+00,3.661923646926879883e+00,-2.466898679733276367e+00,4.934060096740722656e+00,3.877975463867187500e+00,7.032295703887939453e+00,4.210914134979248047e+00,6.111355781555175781e+00,1.108137512207031250e+01,4.705746650695800781e+00
3.527840614318847656e+00,2.670249700546264648e+00,-2.750232458114624023e+00,3.688026905059814453e+00,3.788255691528320312e+00,4.688978672027587891e+00,1.989175677299499512e+00,6.176625251770019531e+00,9.982732772827148438e+00,4.120250701904296875e+00
4.660849094390869141e+00,3.314486980438232422e+00,-1.326653242111206055e+00,4.870544433593750000e+00,1.008787155151367188e+00,5.352434635162353516e+00,4.158505916595458984e+00,5.597610473632812500e+00,1.105737304687500000e+01,3.713611364364624023e+00
4.335521697998046875e+00,2.777821063995361328e+00,-1.971467494964599609e+00,4.412321090698242188e+00,1.964555501937866211e+00,5.305359840393066406e+00,4.400292396545410156e+00,5.940249443054199219e+00,1.100350952148437500e+01,4.021895885467529297e+00
4.315506458282470703e+00,2.586125612258911133e+00,-2.044832229614257812e+00,4.232448577880859375e+00,1.693002343177795410e+00,4.975803852081298828e+00,4.061961650848388672e+00,6.109233856201171875e+00,1.087111282348632812e+01,3.996596336364746094e+00
4.318786621093750000e+00,2.414539337158203125e+00,-2.075149774551391602e+00,4.143249511718750000e+00,1.610342502593994141e+00,4.576156139373779297e+00,3.375219106674194336e+00,5.904302597045898438e+00,1.081986999511718750e+01,4.048840999603271484e+00
4.332851409912109375e+00,2.991031408309936523e+00,-1.822256565093994141e+00,4.581699371337890625e+00,9.896168708801269531e-01,4.894702911376953125e+00,3.624340295791625977e+00,5.594344615936279297e+00,1.110008239746093750e+01,3.816059589385986328e+00
4.359873294830322266e+00,2.989689111709594727e+00,-1.602697372436523438e+00,4.632967472076416016e+00,8.685780763626098633e-01,4.827154159545898438e+00,3.218495368957519531e+00,5.626047134399414062e+00,1.093676376342773438e+01,3.829102039337158203e+00
4.125308513641357422e+00,2.374465703964233398e+00,-2.317208766937255859e+00,3.739606618881225586e+00,1.990434885025024414e+00,4.498675823211669922e+00,3.009780168533325195e+00,5.808421134948730469e+00,1.058059120178222656e+01,3.923488616943359375e+00
4.642397403717041016e+00,2.970894098281860352e+00,-1.540012836456298828e+00,4.515089988708496094e+00,6.828628778457641602e-01,4.698532104492187500e+00,3.278935909271240234e+00,6.161900520324707031e+00,1.091721153259277344e+01,3.559764146804809570e+00
4.178998470306396484e+00,2.571067810058593750e+00,-2.057770967483520508e+00,3.978041410446166992e+00,3.086686372756958008e+00,5.116359710693359375e+00,3.514342069625854492e+00,6.386553764343261719e+00,1.085769462585449219e+01,4.170508861541748047e+00
4.097847461700439453e+00,2.601133584976196289e+00,-2.387747287750244141e+00,4.148628234863281250e+00,3.586313009262084961e+00,5.152907848358154297e+00,3.029882192611694336e+00,6.212275505065917969e+00,1.075638580322265625e+01,4.499814987182617188e+00
4.663497447967529297e+00,3.289361238479614258e+00,-1.987426757812500000e+00,5.460208415985107422e+00,1.399693012237548828e+00,7.441038608551025391e+00,4.548343658447265625e+00,6.086518287658691406e+00,1.103233718872070312e+01,4.311333179473876953e+00
4.288373947143554688e+00,2.525663614273071289e+00,-1.391885399818420410e+00,6.082304000854492188e+00,3.263786792755126953e+00,7.443364620208740234e+00,4.875813007354736328e+00,6.463828086853027344e+00,1.078413581848144531e+01,5.255069732666015625e+00
3.384320735931396484e+00,2.848863840103149414e+00,-1.847845554351806641e+00,4.902954101562500000e+00,1.297002434730529785e+00,6.447877407073974609e+00,3.838119745254516602e+00,5.611107826232910156e+00,1.054852485656738281e+01,3.482340812683105469e+00
4.632631778717041016e+00,2.461989402770996094e+00,-2.380540609359741211e+00,4.961234092712402344e+00,8.147039413452148438e-01,7.196114540100097656e+00,3.411772012710571289e+00,5.679704666137695312e+00,1.024729347229003906e+01,4.287041187286376953e+00
4.706873416900634766e+00,2.960322856903076172e+00,-1.702048540115356445e+00,5.476226329803466797e+00,8.638362288475036621e-01,6.655384540557861328e+00,4.145250797271728516e+00,5.770514488220214844e+00,1.066850280761718750e+01,4.254592418670654297e+00
4.548928737640380859e+00,2.589654922485351562e+00,-1.588536262512207031e+00,5.641766071319580078e+00,3.203461885452270508e+00,6.058578491210937500e+00,4.511377811431884766e+00,5.911364078521728516e+00,1.071827888488769531e+01,4.812118053436279297e+00
4.438634872436523438e+00,2.329930543899536133e+00,-1.725164413452148438e+00,5.699399471282958984e+00,3.084045648574829102e+00,6.089136600494384766e+00,4.811068534851074219e+00,6.121561527252197266e+00,1.071208953857421875e+01,4.984007835388183594e+00
4.470182895660400391e+00,2.749487876892089844e+00,-1.510908365249633789e+00,5.485390663146972656e+00,9.467868208885192871e-01,6.707471847534179688e+00,3.642817497253417969e+00,5.923392772674560547e+00,1.073819160461425781e+01,4.246011734008789062e+00
4.442445278167724609e+00,2.605290889739990234e+00,-1.087230563163757324e+00,5.754846572875976562e+00,2.855316400527954102e+00,5.884383678436279297e+00,3.915752410888671875e+00,6.962046623229980469e+00,1.089938545227050781e+01,4.737463474273681641e+00
4.531103610992431641e+00,2.584347963333129883e+00,-1.655234336853027344e+00,5.438802719116210938e+00,9.623616933822631836e-01,6.557359218597412109e+00,3.730098485946655273e+00,5.996229171752929688e+00,1.061023139953613281e+01,4.263408184051513672e+00
5.441707611083984375e+00,3.639742851257324219e+00,-4.795242249965667725e-01,5.599601745605468750e+00,1.204818487167358398e+00,5.775673389434814453e+00,4.641138553619384766e+00,6.084177017211914062e+00,1.120956611633300781e+01,4.476456165313720703e+00
4.707228183746337891e+00,4.748021602630615234e+00,-1.420559048652648926e+00,5.769484996795654297e+00,3.584772348403930664e+00,7.797325134277343750e+00,5.936813354492187500e+00,7.052570819854736328e+00,1.172406196594238281e+01,5.193622589111328125e+00
4.359575748443603516e+00,4.070078849792480469e+00,-2.256594896316528320e+00,5.700901508331298828e+00,3.768119812011718750e+00,7.584320068359375000e+00,5.273413181304931641e+00,7.196869373321533203e+00,1.173269462585449219e+01,5.039968490600585938e+00
4.883380889892578125e+00,4.662471771240234375e+00,-1.486829757690429688e+00,5.766427993774414062e+00,3.445609331130981445e+00,7.466211318969726562e+00,5.833200454711914062e+00,7.035846710205078125e+00,1.178908729553222656e+01,4.919831275939941406e+00
4.938710212707519531e+00,4.632023811340332031e+00,-9.372256994247436523e-01,5.992247104644775391e+00,3.949339151382446289e+00,7.338353633880615234e+00,5.390050888061523438e+00,6.342000007629394531e+00,1.197661399841308594e+01,4.652654170989990234e+00
4.899083137512207031e+00,4.647920608520507812e+00,-8.695215582847595215e-01,6.006910800933837891e+00,3.641410350799560547e+00,8.027751922607421875e+00,6.059174060821533203e+00,7.046249389648437500e+00,1.177741241455078125e+01,5.318119525909423828e+00
5.414784908294677734e+00,3.827713727951049805e+00,-1.283403635025024414e+00,4.492125034332275391e+00,2.335693120956420898e+00,5.358562946319580078e+00,4.346311092376708984e+00,6.438396453857421875e+00,1.133263969421386719e+01,4.478550910949707031e+00
5.184491157531738281e+00,4.172483444213867188e+00,-4.755006134510040283e-01,5.718114852905273438e+00,3.243837356567382812e+00,7.510695934295654297e+00,5.866211891174316406e+00,7.308615684509277344e+00,1.168195152282714844e+01,5.061540126800537109e+00
4.506791591644287109e+00,3.425379991531372070e+00,-2.203183889389038086e+00,3.689392328262329102e+00,3.017894029617309570e+00,4.755656719207763672e+00,2.827620267868041992e+00,5.223393440246582031e+00,1.105496406555175781e+01,3.994985818862915039e+00
4.690751552581787109e+00,4.019164085388183594e+00,-1.619164705276489258e+00,5.520522117614746094e+00,3.724698781967163086e+00,6.481628417968750000e+00,5.114771842956542969e+00,6.923611164093017578e+00,1.186969184875488281e+01,4.987798213958740234e+00
4.419115543365478516e+00,3.221875667572021484e+00,-1.153494119644165039e+00,5.480380058288574219e+00,1.683840870857238770e+00,7.417603015899658203e+00,5.998419761657714844e+00,7.460182189941406250e+00,1.105030250549316406e+01,4.709936141967773438e+00
4.406456470489501953e+00,3.214539289474487305e+00,-9.679914116859436035e-01,5.526040077209472656e+00,1.621781587600708008e+00,7.563491821289062500e+00,6.014661788940429688e+00,7.105648517608642578e+00,1.082963752746582031e+01,4.738059043884277344e+00
4.244125843048095703e+00,3.270154714584350586e+00,-1.636429548263549805e+00,5.424359321594238281e+00,1.614140272140502930e+00,7.358120441436767578e+00,5.881180763244628906e+00,7.372418403625488281e+00,1.087996101379394531e+01,4.553765296936035156e+00
4.917552471160888672e+00,3.660138845443725586e+00,-6.255909204483032227e-01,5.902618885040283203e+00,1.328817486763000488e+00,6.498969078063964844e+00,6.279597282409667969e+00,6.134757995605468750e+00,1.072377777099609375e+01,4.917369365692138672e+00
4.501959800720214844e+00,3.773822069168090820e+00,-1.580340623855590820e+00,5.741024971008300781e+00,1.725256681442260742e+00,6.905455112457275391e+00,6.280344009399414062e+00,6.512358188629150391e+00,1.075648117065429688e+01,4.641204357147216797e+00
4.629339694976806641e+00,3.382129430770874023e+00,-1.565371036529541016e+00,5.672688961029052734e+00,1.254805564880371094e+00,7.043592929840087891e+00,6.022115230560302734e+00,6.454592704772949219e+00,1.079787635803222656e+01,4.684966087341308594e+00
4.556014060974121094e+00,3.537839651107788086e+00,-1.608894824981689453e+00,5.683173179626464844e+00,1.558108329772949219e+00,6.854747772216796875e+00,6.226092815399169922e+00,6.553623199462890625e+00,1.081447601318359375e+01,4.621799468994140625e+00
4.534488201141357422e+00,3.326758623123168945e+00,-1.531195402145385742e+00,5.625818729400634766e+00,1.411505579948425293e+00,6.863508224487304688e+00,6.056802749633789062e+00,6.538997650146484375e+00,1.063035964965820312e+01,4.626525402069091797e+00
4.862870693206787109e+00,3.709798097610473633e+00,-1.283818721771240234e+00,5.915063381195068359e+00,1.367496609687805176e+00,6.553957462310791016e+00,6.205347061157226562e+00,5.898360252380371094e+00,1.074583053588867188e+01,4.809781551361083984e+00
4.515780925750732422e+00,3.152857542037963867e+00,-1.735758781433105469e+00,5.654242992401123047e+00,1.370341897010803223e+00,6.766005516052246094e+00,6.069182395935058594e+00,5.916529655456542969e+00,1.026370525360107422e+01,4.593528747558593750e+00
4.988156795501708984e+00,3.140195131301879883e+00,-1.223181247711181641e+00,6.733062744140625000e+00,3.810817718505859375e+00,5.912556171417236328e+00,5.440965175628662109e+00,7.435466289520263672e+00,1.181908226013183594e+01,5.498208045959472656e+00
5.031293869018554688e+00,3.196136236190795898e+00,-1.202468633651733398e+00,6.834056854248046875e+00,3.990193128585815430e+00,6.038746356964111328e+00,5.470404624938964844e+00,7.379409790039062500e+00,1.187860870361328125e+01,5.438084602355957031e+00
5.120774745941162109e+00,3.212558031082153320e+00,-1.393321871757507324e+00,6.808697223663330078e+00,3.997214555740356445e+00,6.118797302246093750e+00,5.471380710601806641e+00,7.311945915222167969e+00,1.189318466186523438e+01,5.421372890472412109e+00
5.170478343963623047e+00,3.180388450622558594e+00,-1.371420145034790039e+00,6.861463546752929688e+00,4.052479743957519531e+00,6.171246051788330078e+00,5.549243927001953125e+00,7.354433059692382812e+00,1.193842887878417969e+01,5.458111286163330078e+00
5.118857383728027344e+00,3.293573617935180664e+00,-1.079432487487792969e+00,6.540094852447509766e+00,3.727489709854125977e+00,6.149852752685546875e+00,5.313492774963378906e+00,7.213340759277343750e+00,1.168296813964843750e+01,5.234753608703613281e+00
5.154799461364746094e+00,3.186515808105468750e+00,-1.396970272064208984e+00,6.866155147552490234e+00,4.034117698669433594e+00,6.172824382781982422e+00,5.535952568054199219e+00,7.348929882049560547e+00,1.191966438293457031e+01,5.457833290100097656e+00
5.122948169708251953e+00,3.227272272109985352e+00,-1.494306325912475586e+00,6.777953624725341797e+00,4.021504402160644531e+00,6.209469318389892578e+00,5.515502929687500000e+00,7.323184967041015625e+00,1.184595870971679688e+01,5.369601249694824219e+00
5.007035732269287109e+00,3.111140012741088867e+00,-1.242435693740844727e+00,6.745759487152099609e+00,3.784301996231079102e+00,5.931937694549560547e+00,5.373405456542968750e+00,7.286043167114257812e+00,1.178305244445800781e+01,5.449109554290771484e+00
5.099848747253417969e+00,3.216294527053833008e+00,-1.570215940475463867e+00,6.776287078857421875e+00,4.028213500976562500e+00,6.212240219116210938e+00,5.498978614807128906e+00,7.289945602416992188e+00,1.184325218200683594e+01,5.353965282440185547e+00
5.153813362121582031e+00,3.197722911834716797e+00,-1.400335550308227539e+00,6.847019672393798828e+00,4.028404235839843750e+00,6.182607173919677734e+00,5.507050514221191406e+00,7.314029693603515625e+00,1.190888595581054688e+01,5.420269966125488281e+00
