8.711159706115722656e+00,6.882251739501953125e+00,3.479282379150390625e+00,7.305626869201660156e+00,2.853261232376098633e+00,9.121508598327636719e+00,5.932172298431396484e+00,7.792059421539306641e+00,1.149416446685791016e+01,8.875249862670898438e+00,1.007022476196289062e+01,1.128359985351562500e+01
8.593405723571777344e+00,6.624411582946777344e+00,2.018553972244262695e+00,7.967145442962646484e+00,2.629641771316528320e+00,7.566846847534179688e+00,5.642238140106201172e+00,8.343336105346679688e+00,1.120471382141113281e+01,9.353911399841308594e+00,1.004556083679199219e+01,1.131193637847900391e+01
8.805185317993164062e+00,6.652492523193359375e+00,2.975200891494750977e+00,7.699350357055664062e+00,2.276200056076049805e+00,7.241447448730468750e+00,4.880249977111816406e+00,8.937286376953125000e+00,1.142739105224609375e+01,9.129149436950683594e+00,1.026951408386230469e+01,1.144057846069335938e+01
8.545722961425781250e+00,6.553502559661865234e+00,2.103124380111694336e+00,8.055788993835449219e+00,3.605663061141967773e+00,8.166968345642089844e+00,6.369897842407226562e+00,8.478756904602050781e+00,1.146775245666503906e+01,9.832859039306640625e+00,1.070007896423339844e+01,1.196378040313720703e+01
8.589908599853515625e+00,7.165297508239746094e+00,2.404763460159301758e+00,7.893662452697753906e+00,4.000976085662841797e+00,8.192702293395996094e+00,6.933401584625244141e+00,8.113905906677246094e+00,1.158497905731201172e+01,9.427728652954101562e+00,1.030997657775878906e+01,1.183703422546386719e+01
8.810761451721191406e+00,7.142258167266845703e+00,2.945861816406250000e+00,7.824460983276367188e+00,3.041141510009765625e+00,8.623992919921875000e+00,6.418079376220703125e+00,8.067197799682617188e+00,1.171232986450195312e+01,9.249035835266113281e+00,1.002684783935546875e+01,1.142564773559570312e+01
8.770342826843261719e+00,6.640902519226074219e+00,2.635990142822265625e+00,7.411235809326171875e+00,2.844328403472900391e+00,7.626537322998046875e+00,5.219670295715332031e+00,9.188304901123046875e+00,1.061290073394775391e+01,9.202709197998046875e+00,1.042714023590087891e+01,1.150679874420166016e+01
8.403774261474609375e+00,7.378856658935546875e+00,2.416947126388549805e+00,7.633306980133056641e+00,3.702632665634155273e+00,7.190212726593017578e+00,6.142407894134521484e+00,8.481180191040039062e+00,1.155930995941162109e+01,9.417993545532226562e+00,1.077441406250000000e+01,1.173822402954101562e+01
8.930374145507812500e+00,6.744720935821533203e+00,3.258162260055541992e+00,7.898102283477783203e+00,1.913284301757812500e+00,6.863449096679687500e+00,4.613933563232421875e+00,9.326010704040527344e+00,1.187762546539306641e+01,9.176353454589843750e+00,1.002832508087158203e+01,1.112995815277099609e+01
8.970386505126953125e+00,7.226878166198730469e+00,3.621567249298095703e+00,7.595795631408691406e+00,2.696187257766723633e+00,7.611878395080566406e+00,5.929786682128906250e+00,8.953273773193359375e+00,1.121978282928466797e+01,9.017887115478515625e+00,1.018198966979980469e+01,1.130031299591064453e+01
9.223999977111816406e+00,8.081811904907226562e+00,3.166812181472778320e+00,7.892318725585937500e+00,3.904985666275024414e+00,7.023907661437988281e+00,6.165987491607666016e+00,9.859656333923339844e+00,1.264881515502929688e+01,9.008889198303222656e+00,1.046576976776123047e+01,1.127059268951416016e+01
9.310913085937500000e+00,7.808084487915039062e+00,3.343246459960937500e+00,8.113427162170410156e+00,4.575938701629638672e+00,7.448076248168945312e+00,6.292472362518310547e+00,1.021887779235839844e+01,1.280762577056884766e+01,9.398000717163085938e+00,1.080313396453857422e+01,1.156489753723144531e+01
9.349693298339843750e+00,7.738692760467529297e+00,3.577156305313110352e+00,7.913959980010986328e+00,4.000850677490234375e+00,7.114758491516113281e+00,6.014231204986572266e+00,1.004260826110839844e+01,1.258298206329345703e+01,9.092397689819335938e+00,1.057654762268066406e+01,1.125796413421630859e+01
9.389856338500976562e+00,8.298033714294433594e+00,3.322785139083862305e+00,7.735506057739257812e+00,4.005995750427246094e+00,7.417847156524658203e+00,6.247549057006835938e+00,9.776527404785156250e+00,1.262742805480957031e+01,8.892317771911621094e+00,1.041657257080078125e+01,1.120178413391113281e+01
9.627222061157226562e+00,8.226570129394531250e+00,3.887460708618164062e+00,7.789153099060058594e+00,3.982066154479980469e+00,7.331489086151123047e+00,6.437189579010009766e+00,9.891474723815917969e+00,1.268894386291503906e+01,8.954517364501953125e+00,1.059650421142578125e+01,1.127943229675292969e+01
9.518626213073730469e+00,8.174818038940429688e+00,3.752902746200561523e+00,7.793734550476074219e+00,3.984804868698120117e+00,7.192252159118652344e+00,6.277463912963867188e+00,9.977926254272460938e+00,1.270407390594482422e+01,8.966987609863281250e+00,1.057967376708984375e+01,1.130336284637451172e+01
9.569551467895507812e+00,8.398834228515625000e+00,3.921993255615234375e+00,7.790675163269042969e+00,3.885563373565673828e+00,7.462738513946533203e+00,6.400135993957519531e+00,9.586299896240234375e+00,1.269601440429687500e+01,8.835755348205566406e+00,1.059168052673339844e+01,1.136387825012207031e+01
9.428691864013671875e+00,8.186674118041992188e+00,3.503315687179565430e+00,7.728465080261230469e+00,3.910521984100341797e+00,7.281327724456787109e+00,6.237123012542724609e+00,9.808305740356445312e+00,1.260278797149658203e+01,8.923582077026367188e+00,1.040262031555175781e+01,1.123619651794433594e+01
9.648676872253417969e+00,7.598667144775390625e+00,3.974929094314575195e+00,7.549517631530761719e+00,3.612725496292114258e+00,6.922476768493652344e+00,5.899768829345703125e+00,9.662755966186523438e+00,1.239579010009765625e+01,8.794582366943359375e+00,1.034613895416259766e+01,1.105027008056640625e+01
9.503228187561035156e+00,8.020284652709960938e+00,3.487821340560913086e+00,7.686473846435546875e+00,4.055855274200439453e+00,7.360578060150146484e+00,6.207686901092529297e+00,9.781702041625976562e+00,1.255621528625488281e+01,8.945072174072265625e+00,1.040459442138671875e+01,1.118388462066650391e+01
1.019128799438476562e+01,7.502378463745117188e+00,4.302086353302001953e+00,6.932142734527587891e+00,2.624726295471191406e+00,6.235046863555908203e+00,6.124714374542236328e+00,8.369924545288085938e+00,1.309418964385986328e+01,8.267063140869140625e+00,9.415473937988281250e+00,1.014443588256835938e+01
1.028547859191894531e+01,7.721739768981933594e+00,4.190510749816894531e+00,7.029305458068847656e+00,2.643737077713012695e+00,6.454071044921875000e+00,6.438015937805175781e+00,8.402296066284179688e+00,1.320156002044677734e+01,8.481131553649902344e+00,9.608850479125976562e+00,1.022439956665039062e+01
1.007779312133789062e+01,7.599331378936767578e+00,3.984333753585815430e+00,6.962818145751953125e+00,2.489401102066040039e+00,6.150213718414306641e+00,5.822706222534179688e+00,8.052217483520507812e+00,1.304690074920654297e+01,8.420303344726562500e+00,9.659713745117187500e+00,1.019453620910644531e+01
1.009334945678710938e+01,7.202265739440917969e+00,4.290815353393554688e+00,6.833524703979492188e+00,2.174224376678466797e+00,6.027750015258789062e+00,5.201922416687011719e+00,7.771223545074462891e+00,1.260411357879638672e+01,8.461069107055664062e+00,9.544226646423339844e+00,1.020448780059814453e+01
1.009177398681640625e+01,7.396765708923339844e+00,4.416085720062255859e+00,6.936450958251953125e+00,2.429274797439575195e+00,6.050824165344238281e+00,5.201483726501464844e+00,7.786621093750000000e+00,1.249792003631591797e+01,9.053863525390625000e+00,9.885118484497070312e+00,1.066254425048828125e+01
1.009122848510742188e+01,7.796116352081298828e+00,4.247981071472167969e+00,7.167245864868164062e+00,3.178044080734252930e+00,6.368643283843994141e+00,5.627025127410888672e+00,8.357810974121093750e+00,1.305853366851806641e+01,9.432794570922851562e+00,1.044838333129882812e+01,1.113971519470214844e+01
1.010002040863037109e+01,7.773727416992187500e+00,4.195324420928955078e+00,7.164395332336425781e+00,2.936251878738403320e+00,6.503293991088867188e+00,5.505213737487792969e+00,7.682614326477050781e+00,1.299874019622802734e+01,9.328847885131835938e+00,1.035342979431152344e+01,1.105206584930419922e+01
1.057416439056396484e+01,7.402480602264404297e+00,3.808963060379028320e+00,6.642697811126708984e+00,2.618643522262573242e+00,6.858690261840820312e+00,5.706296920776367188e+00,9.121057510375976562e+00,1.312309741973876953e+01,8.260846138000488281e+00,9.524317741394042969e+00,1.016814231872558594e+01
1.016890335083007812e+01,7.222553253173828125e+00,3.999392986297607422e+00,6.668754577636718750e+00,2.557349443435668945e+00,6.247403621673583984e+00,5.220729827880859375e+00,8.597887992858886719e+00,1.279091835021972656e+01,8.614172935485839844e+00,9.725393295288085938e+00,1.040755462646484375e+01
1.018867683410644531e+01,7.632769584655761719e+00,3.774709939956665039e+00,6.877654075622558594e+00,2.493242025375366211e+00,6.241901397705078125e+00,5.397445678710937500e+00,8.211388587951660156e+00,1.304374885559082031e+01,8.576368331909179688e+00,9.805110931396484375e+00,1.036877059936523438e+01
8.546658515930175781e+00,7.363591194152832031e+00,3.577111482620239258e+00,7.179795265197753906e+00,4.231062412261962891e+00,9.059165000915527344e+00,6.053560733795166016e+00,8.619455337524414062e+00,1.209624958038330078e+01,9.527023315429687500e+00,1.007593059539794922e+01,1.121940040588378906e+01
8.645865440368652344e+00,7.386827945709228516e+00,4.077673912048339844e+00,7.405674457550048828e+00,4.261302947998046875e+00,1.006983757019042969e+01,5.990417957305908203e+00,9.343252182006835938e+00,1.212346172332763672e+01,9.685674667358398438e+00,1.038322067260742188e+01,1.125263023376464844e+01
8.800214767456054688e+00,7.444681644439697266e+00,4.010453701019287109e+00,7.638500213623046875e+00,4.631585121154785156e+00,9.433791160583496094e+00,5.114036560058593750e+00,9.274381637573242188e+00,1.215094280242919922e+01,9.379121780395507812e+00,1.023170089721679688e+01,1.157482051849365234e+01
9.648957252502441406e+00,7.453872680664062500e+00,3.519570589065551758e+00,6.850505352020263672e+00,3.038140535354614258e+00,6.517902374267578125e+00,5.484951972961425781e+00,8.544034957885742188e+00,1.225356388092041016e+01,9.903245925903320312e+00,1.002890586853027344e+01,1.075444698333740234e+01
1.066457748413085938e+01,7.879825592041015625e+00,4.867634296417236328e+00,7.201283454895019531e+00,2.762780427932739258e+00,7.335413932800292969e+00,5.209613800048828125e+00,8.892854690551757812e+00,1.213264083862304688e+01,9.533330917358398438e+00,1.020368766784667969e+01,1.100631523132324219e+01
1.117182540893554688e+01,8.581192016601562500e+00,5.470963478088378906e+00,7.052111148834228516e+00,2.645610094070434570e+00,6.463777542114257812e+00,6.021151542663574219e+00,8.459389686584472656e+00,1.260245990753173828e+01,9.948550224304199219e+00,1.039735984802246094e+01,1.063468647003173828e+01
9.508579254150390625e+00,7.113156318664550781e+00,3.499235391616821289e+00,6.925691127777099609e+00,2.479824781417846680e+00,6.888569831848144531e+00,6.380280017852783203e+00,8.650337219238281250e+00,1.267073345184326172e+01,8.785984039306640625e+00,9.932875633239746094e+00,1.114005947113037109e+01
9.103290557861328125e+00,6.542244911193847656e+00,3.116139650344848633e+00,6.959632396697998047e+00,2.485257387161254883e+00,6.182141780853271484e+00,4.378123760223388672e+00,8.974933624267578125e+00,1.163344860076904297e+01,9.451408386230468750e+00,9.983099937438964844e+00,1.117300033569335938e+01
8.611373901367187500e+00,6.810525894165039062e+00,2.840220212936401367e+00,6.482852935791015625e+00,2.836507558822631836e+00,6.249779701232910156e+00,5.280957221984863281e+00,8.229822158813476562e+00,1.191828823089599609e+01,8.844814300537109375e+00,1.000125694274902344e+01,1.118284416198730469e+01
9.185632705688476562e+00,6.893008232116699219e+00,3.352689027786254883e+00,6.489679813385009766e+00,2.625274896621704102e+00,6.480834484100341797e+00,5.616747379302978516e+00,8.299036026000976562e+00,1.239016246795654297e+01,8.686392784118652344e+00,9.895957946777343750e+00,1.102943801879882812e+01
1.155843448638916016e+01,8.806983947753906250e+00,5.563575744628906250e+00,7.103043079376220703e+00,2.695238590240478516e+00,6.272012710571289062e+00,5.915997982025146484e+00,8.347178459167480469e+00,1.241603469848632812e+01,9.985268592834472656e+00,1.049168205261230469e+01,1.083239936828613281e+01
1.161801910400390625e+01,8.823760986328125000e+00,5.615077495574951172e+00,7.092638015747070312e+00,2.706776380538940430e+00,6.272263526916503906e+00,5.878683567047119141e+00,8.380354881286621094e+00,1.241070270538330078e+01,1.000560760498046875e+01,1.051238250732421875e+01,1.082551193237304688e+01
1.153211975097656250e+01,8.791694641113281250e+00,5.642673492431640625e+00,7.096114158630371094e+00,2.614924192428588867e+00,6.224334716796875000e+00,5.885078907012939453e+00,8.422340393066406250e+00,1.248123455047607422e+01,9.968771934509277344e+00,1.048976612091064453e+01,1.079583549499511719e+01
1.141147422790527344e+01,8.827772140502929688e+00,5.556389331817626953e+00,7.154561519622802734e+00,2.647569417953491211e+00,6.261337280273437500e+00,5.971932411193847656e+00,8.524385452270507812e+00,1.260181999206542969e+01,9.997226715087890625e+00,1.044689750671386719e+01,1.079627609252929688e+01
1.142590808868408203e+01,8.577325820922851562e+00,5.682567596435546875e+00,7.244029521942138672e+00,2.506610393524169922e+00,6.300514221191406250e+00,5.753169536590576172e+00,8.817640304565429688e+00,1.241845607757568359e+01,9.809398651123046875e+00,1.038428497314453125e+01,1.082690906524658203e+01
1.150615501403808594e+01,8.664820671081542969e+00,5.659279346466064453e+00,7.030602455139160156e+00,2.441338300704956055e+00,6.259583473205566406e+00,5.742803573608398438e+00,8.513009071350097656e+00,1.231070423126220703e+01,9.816611289978027344e+00,1.046024608612060547e+01,1.073801994323730469e+01
1.151224517822265625e+01,8.765327453613281250e+00,5.589951038360595703e+00,7.136568069458007812e+00,2.548220396041870117e+00,6.220026969909667969e+00,5.843338966369628906e+00,8.604111671447753906e+00,1.249832916259765625e+01,9.861717224121093750e+00,1.048657131195068359e+01,1.081616878509521484e+01
1.125160026550292969e+01,8.664434432983398438e+00,5.490891933441162109e+00,7.263575553894042969e+00,2.641100645065307617e+00,6.228927612304687500e+00,5.869235992431640625e+00,8.775669097900390625e+00,1.253611850738525391e+01,9.792044639587402344e+00,1.047058868408203125e+01,1.085096168518066406e+01
9.487921714782714844e+00,7.504316329956054688e+00,3.694030284881591797e+00,6.455488204956054688e+00,2.537688016891479492e+00,6.028255462646484375e+00,5.173375129699707031e+00,8.164253234863281250e+00,1.184071063995361328e+01,9.039272308349609375e+00,9.990843772888183594e+00,1.125836944580078125e+01
1.148124313354492188e+01,8.735120773315429688e+00,5.685863971710205078e+00,7.023712635040283203e+00,2.473873376846313477e+00,6.189714908599853516e+00,5.735259532928466797e+00,8.422486305236816406e+00,1.237701892852783203e+01,9.825572967529296875e+00,1.047380828857421875e+01,1.072067070007324219e+01
9.202383041381835938e+00,8.025723457336425781e+00,4.310731410980224609e+00,7.739433288574218750e+00,3.949362039566040039e+00,8.476706504821777344e+00,7.566414833068847656e+00,9.224088668823242188e+00,1.181494522094726562e+01,9.264053344726562500e+00,1.004537010192871094e+01,1.153749465942382812e+01
9.126769065856933594e+00,7.629508972167968750e+00,3.598663091659545898e+00,7.845232486724853516e+00,4.035643577575683594e+00,8.725784301757812500e+00,7.433649063110351562e+00,8.948986053466796875e+00,1.150123500823974609e+01,9.548160552978515625e+00,9.924496650695800781e+00,1.141599082946777344e+01
9.100748062133789062e+00,8.025989532470703125e+00,4.164072990417480469e+00,8.090838432312011719e+00,3.923455715179443359e+00,8.490925788879394531e+00,7.825649261474609375e+00,8.778139114379882812e+00,1.170307254791259766e+01,9.193547248840332031e+00,9.780355453491210938e+00,1.129305934906005859e+01
9.310297012329101562e+00,7.178448200225830078e+00,3.871267557144165039e+00,8.027802467346191406e+00,4.043778419494628906e+00,8.488681793212890625e+00,7.396679878234863281e+00,8.698093414306640625e+00,1.140375709533691406e+01,9.912461280822753906e+00,1.009155082702636719e+01,1.153841114044189453e+01
9.218111038208007812e+00,7.943346500396728516e+00,3.399546384811401367e+00,8.246807098388671875e+00,3.740447998046875000e+00,8.064390182495117188e+00,7.925947189331054688e+00,8.134825706481933594e+00,1.174252414703369141e+01,8.989139556884765625e+00,9.515779495239257812e+00,1.105949497222900391e+01
9.339370727539062500e+00,8.542110443115234375e+00,4.474469661712646484e+00,8.105817794799804688e+00,3.799741029739379883e+00,8.344138145446777344e+00,7.892948150634765625e+00,8.861646652221679688e+00,1.194665431976318359e+01,9.147195816040039062e+00,9.782171249389648438e+00,1.125428009033203125e+01
9.104830741882324219e+00,7.449573516845703125e+00,3.898332357406616211e+00,8.033316612243652344e+00,3.823886156082153320e+00,8.355505943298339844e+00,7.658150672912597656e+00,8.036712646484375000e+00,1.139945793151855469e+01,9.225698471069335938e+00,9.575801849365234375e+00,1.113546943664550781e+01
9.290823936462402344e+00,7.604157447814941406e+00,3.800676107406616211e+00,8.269803047180175781e+00,4.137051582336425781e+00,8.273741722106933594e+00,8.097638130187988281e+00,7.906748294830322266e+00,1.152154541015625000e+01,9.143393516540527344e+00,9.462438583374023438e+00,1.109122753143310547e+01
9.269753456115722656e+00,7.548893928527832031e+00,4.151863574981689453e+00,8.140254974365234375e+00,3.737244844436645508e+00,8.064644813537597656e+00,7.821583747863769531e+00,7.903925895690917969e+00,1.142464637756347656e+01,8.911922454833984375e+00,9.333219528198242188e+00,1.091377830505371094e+01
9.305629730224609375e+00,7.683409690856933594e+00,3.878033161163330078e+00,8.221054077148437500e+00,3.647752523422241211e+00,8.208269119262695312e+00,8.090020179748535156e+00,7.823617458343505859e+00,1.163867855072021484e+01,8.919516563415527344e+00,9.355745315551757812e+00,1.101840782165527344e+01
1.037295341491699219e+01,8.770841598510742188e+00,7.382528781890869141e+00,7.775220870971679688e+00,3.661453485488891602e+00,8.551156997680664062e+00,6.842762947082519531e+00,1.144848728179931641e+01,1.211009693145751953e+01,9.465209960937500000e+00,1.035310173034667969e+01,1.156729698181152344e+01
1.009369945526123047e+01,8.821863174438476562e+00,6.723655223846435547e+00,7.879920959472656250e+00,3.751981496810913086e+00,8.162466049194335938e+00,6.897614002227783203e+00,1.050203132629394531e+01,1.208264255523681641e+01,9.277869224548339844e+00,1.042355918884277344e+01,1.164145565032958984e+01
1.017745590209960938e+01,8.367922782897949219e+00,7.218232631683349609e+00,7.804437160491943359e+00,3.644052982330322266e+00,8.008562088012695312e+00,6.835117340087890625e+00,1.059929656982421875e+01,1.184009552001953125e+01,9.456918716430664062e+00,1.042547798156738281e+01,1.166695976257324219e+01
9.287349700927734375e+00,7.418119430541992188e+00,3.884804725646972656e+00,8.227286338806152344e+00,4.360508918762207031e+00,8.885358810424804688e+00,7.893057346343994141e+00,8.842791557312011719e+00,1.160062789916992188e+01,9.879022598266601562e+00,1.000533485412597656e+01,1.158658981323242188e+01
9.341454505920410156e+00,7.419542312622070312e+00,4.338015079498291016e+00,8.270753860473632812e+00,4.381607532501220703e+00,8.646280288696289062e+00,7.975012779235839844e+00,8.368746757507324219e+00,1.151969623565673828e+01,9.628524780273437500e+00,9.886068344116210938e+00,1.156349182128906250e+01
9.506328582763671875e+00,7.666925907135009766e+00,3.621322154998779297e+00,8.669540405273437500e+00,4.850267410278320312e+00,8.868349075317382812e+00,8.592121124267578125e+00,8.253095626831054688e+00,1.185421752929687500e+01,9.802749633789062500e+00,9.474169731140136719e+00,1.125870990753173828e+01
9.680312156677246094e+00,7.386165618896484375e+00,3.201041936874389648e+00,8.827212333679199219e+00,5.265004158020019531e+00,9.036101341247558594e+00,8.750684738159179688e+00,8.068752288818359375e+00,1.180244731903076172e+01,1.004283809661865234e+01,9.304628372192382812e+00,1.098154640197753906e+01
9.629684448242187500e+00,7.619521141052246094e+00,3.374243974685668945e+00,8.541696548461914062e+00,4.302969932556152344e+00,8.800767898559570312e+00,8.615692138671875000e+00,7.944890499114990234e+00,1.197392940521240234e+01,9.547757148742675781e+00,9.179862976074218750e+00,1.086455154418945312e+01
9.361029624938964844e+00,7.224149227142333984e+00,5.333647727966308594e+00,7.850704193115234375e+00,4.047132968902587891e+00,8.443540573120117188e+00,7.211874008178710938e+00,8.985738754272460938e+00,1.134108448028564453e+01,9.487987518310546875e+00,1.020410633087158203e+01,1.170594024658203125e+01
9.469730377197265625e+00,7.356458187103271484e+00,4.051682949066162109e+00,8.508182525634765625e+00,4.771450996398925781e+00,8.763689994812011719e+00,8.311202049255371094e+00,8.147404670715332031e+00,1.156909275054931641e+01,9.972269058227539062e+00,9.956007003784179688e+00,1.166863727569580078e+01
9.713647842407226562e+00,7.130117893218994141e+00,4.089320182800292969e+00,9.159412384033203125e+00,3.951890230178833008e+00,7.150029182434082031e+00,6.980910301208496094e+00,8.677008628845214844e+00,1.243892002105712891e+01,9.473736763000488281e+00,9.877526283264160156e+00,1.134443664550781250e+01
9.509382247924804688e+00,7.231901168823242188e+00,4.598062992095947266e+00,8.244041442871093750e+00,3.402626514434814453e+00,6.603019714355468750e+00,6.237882614135742188e+00,8.377268791198730469e+00,1.217350959777832031e+01,9.336521148681640625e+00,1.004018592834472656e+01,1.138504600524902344e+01
9.753827095031738281e+00,7.863843917846679688e+00,3.994015455245971680e+00,7.990900039672851562e+00,3.021380186080932617e+00,7.398915290832519531e+00,8.098300933837890625e+00,8.563398361206054688e+00,1.241000080108642578e+01,9.729660034179687500e+00,9.820687294006347656e+00,1.101673698425292969e+01
9.283568382263183594e+00,6.511904716491699219e+00,3.913702249526977539e+00,8.917586326599121094e+00,3.461911201477050781e+00,7.266985416412353516e+00,6.112534999847412109e+00,8.884187698364257812e+00,1.208861637115478516e+01,9.749017715454101562e+00,1.033971691131591797e+01,1.157417774200439453e+01
9.586470603942871094e+00,8.244281768798828125e+00,4.061858177185058594e+00,8.200440406799316406e+00,3.329286336898803711e+00,7.591539382934570312e+00,8.375041007995605469e+00,8.311489105224609375e+00,1.237241268157958984e+01,9.479488372802734375e+00,9.871286392211914062e+00,1.123706436157226562e+01
9.757312774658203125e+00,7.858721733093261719e+00,4.306399345397949219e+00,8.116722106933593750e+00,3.063367605209350586e+00,7.229870796203613281e+00,8.274029731750488281e+00,8.340092658996582031e+00,1.249277400970458984e+01,9.482543945312500000e+00,9.754329681396484375e+00,1.104083061218261719e+01
9.658601760864257812e+00,8.294021606445312500e+00,4.101716041564941406e+00,7.974387168884277344e+00,2.996266603469848633e+00,7.593093872070312500e+00,7.994607925415039062e+00,8.643281936645507812e+00,1.247314739227294922e+01,9.048175811767578125e+00,9.824434280395507812e+00,1.089223861694335938e+01
9.582663536071777344e+00,8.018035888671875000e+00,4.829388141632080078e+00,8.278892517089843750e+00,3.469951152801513672e+00,7.335661888122558594e+00,7.532764434814453125e+00,8.315019607543945312e+00,1.220230388641357422e+01,9.033586502075195312e+00,9.725239753723144531e+00,1.124660015106201172e+01
9.523856163024902344e+00,8.027074813842773438e+00,4.037445545196533203e+00,8.018553733825683594e+00,2.773194313049316406e+00,7.554059505462646484e+00,8.099484443664550781e+00,8.280241012573242188e+00,1.237523937225341797e+01,9.074304580688476562e+00,9.718430519104003906e+00,1.100640583038330078e+01
9.451874732971191406e+00,7.609770298004150391e+00,4.070532798767089844e+00,8.200806617736816406e+00,3.861093521118164062e+00,8.294955253601074219e+00,7.878638267517089844e+00,8.399362564086914062e+00,1.180181980133056641e+01,9.729338645935058594e+00,9.735023498535156250e+00,1.103906917572021484e+01
9.521919250488281250e+00,7.547021865844726562e+00,3.351701974868774414e+00,8.563020706176757812e+00,5.204662322998046875e+00,7.733450889587402344e+00,6.260678291320800781e+00,8.043397903442382812e+00,1.304458808898925781e+01,9.745046615600585938e+00,1.029467105865478516e+01,1.190219116210937500e+01
9.139202117919921875e+00,7.260487079620361328e+00,3.518226861953735352e+00,6.552826404571533203e+00,2.838745832443237305e+00,8.864221572875976562e+00,4.705868721008300781e+00,8.766567230224609375e+00,1.201232242584228516e+01,8.238414764404296875e+00,8.938920974731445312e+00,1.084332847595214844e+01
8.921927452087402344e+00,6.642201423645019531e+00,3.319391012191772461e+00,6.743999004364013672e+00,2.532901763916015625e+00,1.033821678161621094e+01,5.379837989807128906e+00,9.428753852844238281e+00,1.184893894195556641e+01,8.601030349731445312e+00,9.228135108947753906e+00,1.087354469299316406e+01
8.933849334716796875e+00,6.791640281677246094e+00,3.253552198410034180e+00,7.054787635803222656e+00,2.896044015884399414e+00,1.054835605621337891e+01,5.901265144348144531e+00,9.608430862426757812e+00,1.195216178894042969e+01,8.812606811523437500e+00,9.410496711730957031e+00,1.088993930816650391e+01
8.969233512878417969e+00,7.063320159912109375e+00,3.367536306381225586e+00,7.282081604003906250e+00,3.480993509292602539e+00,1.059509277343750000e+01,6.398435592651367188e+00,9.302116394042968750e+00,1.201309108734130859e+01,8.862270355224609375e+00,9.463192939758300781e+00,1.113449668884277344e+01
9.066263198852539062e+00,6.715328216552734375e+00,3.545436859130859375e+00,6.254892349243164062e+00,2.296895980834960938e+00,9.003513336181640625e+00,4.398281097412109375e+00,8.798046112060546875e+00,1.168653011322021484e+01,8.019956588745117188e+00,8.861013412475585938e+00,1.064192771911621094e+01
8.981399536132812500e+00,7.130087375640869141e+00,3.360934495925903320e+00,6.559472560882568359e+00,2.803045034408569336e+00,9.948863983154296875e+00,5.700777530670166016e+00,9.104698181152343750e+00,1.159278964996337891e+01,8.294528007507324219e+00,8.940415382385253906e+00,1.073238563537597656e+01
8.940336227416992188e+00,6.890129566192626953e+00,3.642956972122192383e+00,7.086705207824707031e+00,3.124798774719238281e+00,1.052003097534179688e+01,5.972281455993652344e+00,9.361587524414062500e+00,1.207722663879394531e+01,8.727073669433593750e+00,9.373169898986816406e+00,1.101777648925781250e+01
8.921489715576171875e+00,6.976717472076416016e+00,3.131303548812866211e+00,5.799186706542968750e+00,2.267070531845092773e+00,9.107765197753906250e+00,4.321937084197998047e+00,8.833059310913085938e+00,1.146421909332275391e+01,7.654655933380126953e+00,8.681494712829589844e+00,1.037324523925781250e+01
9.354785919189453125e+00,7.384140014648437500e+00,4.213431835174560547e+00,5.987043857574462891e+00,2.801002025604248047e+00,9.433004379272460938e+00,4.856250762939453125e+00,8.886528015136718750e+00,1.088898181915283203e+01,8.142618179321289062e+00,8.757534980773925781e+00,1.052834510803222656e+01
8.681918144226074219e+00,7.739562034606933594e+00,3.062236785888671875e+00,7.308309555053710938e+00,5.397306442260742188e+00,6.557231903076171875e+00,5.586135864257812500e+00,1.063578128814697266e+01,1.289046669006347656e+01,8.809218406677246094e+00,1.031936740875244141e+01,1.123077774047851562e+01
8.692337036132812500e+00,7.726901531219482422e+00,2.882800102233886719e+00,7.428425788879394531e+00,5.098482608795166016e+00,6.680834770202636719e+00,5.651142120361328125e+00,1.090749549865722656e+01,1.299399852752685547e+01,8.958840370178222656e+00,1.033899688720703125e+01,1.132212066650390625e+01
8.704788208007812500e+00,7.842631340026855469e+00,3.083372354507446289e+00,7.286707401275634766e+00,5.492158889770507812e+00,6.783601760864257812e+00,5.710283279418945312e+00,1.072377967834472656e+01,1.287457847595214844e+01,8.845146179199218750e+00,1.037104892730712891e+01,1.130090522766113281e+01
8.721808433532714844e+00,7.687020301818847656e+00,3.178924798965454102e+00,7.334123134613037109e+00,5.344749927520751953e+00,6.527671337127685547e+00,5.695358753204345703e+00,1.051125049591064453e+01,1.282494163513183594e+01,8.798282623291015625e+00,1.010570144653320312e+01,1.120872116088867188e+01
8.634023666381835938e+00,7.540416240692138672e+00,3.055591583251953125e+00,7.375117301940917969e+00,5.224053382873535156e+00,6.408947944641113281e+00,6.058343410491943359e+00,1.045953273773193359e+01,1.258021640777587891e+01,8.777634620666503906e+00,1.005152130126953125e+01,1.120653343200683594e+01
8.735571861267089844e+00,7.616628646850585938e+00,3.281923770904541016e+00,7.513443946838378906e+00,4.964440345764160156e+00,6.573816299438476562e+00,5.397912979125976562e+00,1.091668319702148438e+01,1.278793430328369141e+01,8.957015991210937500e+00,1.029693794250488281e+01,1.130735683441162109e+01
8.755088806152343750e+00,7.810185432434082031e+00,2.984113931655883789e+00,7.476181983947753906e+00,5.339024543762207031e+00,7.072326660156250000e+00,5.692899703979492188e+00,1.102217102050781250e+01,1.312590885162353516e+01,9.058317184448242188e+00,1.043109321594238281e+01,1.149655055999755859e+01
8.729825019836425781e+00,7.567294597625732422e+00,3.196652173995971680e+00,7.469479560852050781e+00,5.186710357666015625e+00,6.496827602386474609e+00,5.441492080688476562e+00,1.063645553588867188e+01,1.275899791717529297e+01,8.915811538696289062e+00,1.031238937377929688e+01,1.129940509796142578e+01
8.663229942321777344e+00,6.932840347290039062e+00,3.199791431427001953e+00,6.931429862976074219e+00,4.626574516296386719e+00,5.938475608825683594e+00,5.234616756439208984e+00,1.051427745819091797e+01,1.210478687286376953e+01,8.529792785644531250e+00,9.978987693786621094e+00,1.091249656677246094e+01
8.594182014465332031e+00,7.616724491119384766e+00,3.100734710693359375e+00,7.362140655517578125e+00,5.314305782318115234e+00,7.257139682769775391e+00,5.766818046569824219e+00,1.043640422821044922e+01,1.273777866363525391e+01,8.802280426025390625e+00,1.000953483581542969e+01,1.113175582885742188e+01
9.184144020080566406e+00,7.652481555938720703e+00,4.255035400390625000e+00,6.842274665832519531e+00,4.612882614135742188e+00,6.033360958099365234e+00,5.203171730041503906e+00,9.955594062805175781e+00,1.239161777496337891e+01,8.500229835510253906e+00,1.042761611938476562e+01,1.139354133605957031e+01
9.211786270141601562e+00,7.929247379302978516e+00,4.154894828796386719e+00,7.419713973999023438e+00,4.619401931762695312e+00,6.460064888000488281e+00,6.120683670043945312e+00,9.991555213928222656e+00,1.259247589111328125e+01,8.958842277526855469e+00,1.066604614257812500e+01,1.171172142028808594e+01
9.480110168457031250e+00,8.091723442077636719e+00,4.796108722686767578e+00,7.362983703613281250e+00,4.241623878479003906e+00,6.528993129730224609e+00,6.114850044250488281e+00,9.642472267150878906e+00,1.269112300872802734e+01,8.629664421081542969e+00,1.063342189788818359e+01,1.166029453277587891e+01
9.330951690673828125e+00,7.761603832244873047e+00,4.242918491363525391e+00,7.182147979736328125e+00,4.338125705718994141e+00,6.420043945312500000e+00,5.882935523986816406e+00,9.543413162231445312e+00,1.255319881439208984e+01,8.877285957336425781e+00,1.064403533935546875e+01,1.172409820556640625e+01
9.413802146911621094e+00,7.967374324798583984e+00,4.389584541320800781e+00,7.314034461975097656e+00,4.737932682037353516e+00,6.203286170959472656e+00,5.898193359375000000e+00,9.460592269897460938e+00,1.279657268524169922e+01,8.737370491027832031e+00,1.067637634277343750e+01,1.161813354492187500e+01
9.318796157836914062e+00,7.683290481567382812e+00,3.853728771209716797e+00,6.803856849670410156e+00,4.357271671295166016e+00,6.003764152526855469e+00,5.247549057006835938e+00,9.110836029052734375e+00,1.279971599578857422e+01,8.453760147094726562e+00,1.070011901855468750e+01,1.175183200836181641e+01
1.003360557556152344e+01,8.508520126342773438e+00,5.544141769409179688e+00,7.535339832305908203e+00,3.986975431442260742e+00,6.516336441040039062e+00,6.233335971832275391e+00,8.931060791015625000e+00,1.263127326965332031e+01,8.665866851806640625e+00,1.081443023681640625e+01,1.167619895935058594e+01
9.548765182495117188e+00,8.219537734985351562e+00,5.041952133178710938e+00,7.333679199218750000e+00,4.097280979156494141e+00,6.352266311645507812e+00,6.032139778137207031e+00,9.053586006164550781e+00,1.264169692993164062e+01,8.500746726989746094e+00,1.063450717926025391e+01,1.167331695556640625e+01
9.718302726745605469e+00,8.247949600219726562e+00,4.980445384979248047e+00,7.402018547058105469e+00,4.103768825531005859e+00,6.451058387756347656e+00,6.085820674896240234e+00,9.243432044982910156e+00,1.268814373016357422e+01,8.590831756591796875e+00,1.065690422058105469e+01,1.164503860473632812e+01
9.658472061157226562e+00,8.178005218505859375e+00,4.970457553863525391e+00,7.362095832824707031e+00,4.253726959228515625e+00,6.375730514526367188e+00,6.065620422363281250e+00,9.091651916503906250e+00,1.273898124694824219e+01,8.591200828552246094e+00,1.067833042144775391e+01,1.159947109222412109e+01
9.001312255859375000e+00,8.213830947875976562e+00,2.671076774597167969e+00,7.628274917602539062e+00,4.378457069396972656e+00,7.765740394592285156e+00,6.134458541870117188e+00,9.614645004272460938e+00,1.277855873107910156e+01,8.785427093505859375e+00,1.050733566284179688e+01,1.138901519775390625e+01
8.967192649841308594e+00,8.340751647949218750e+00,2.920398473739624023e+00,7.703671455383300781e+00,4.286148071289062500e+00,7.803025245666503906e+00,6.449509143829345703e+00,9.209125518798828125e+00,1.276518344879150391e+01,8.726797103881835938e+00,1.014757251739501953e+01,1.120196628570556641e+01
9.461085319519042969e+00,8.462501525878906250e+00,3.455091714859008789e+00,8.089982032775878906e+00,5.071005821228027344e+00,8.059670448303222656e+00,6.969534873962402344e+00,9.181194305419921875e+00,1.300418949127197266e+01,8.899201393127441406e+00,1.013256835937500000e+01,1.131146144866943359e+01
9.116334915161132812e+00,8.182237625122070312e+00,3.157313585281372070e+00,7.964969158172607422e+00,5.067266464233398438e+00,8.037795066833496094e+00,6.908380508422851562e+00,9.178064346313476562e+00,1.286815071105957031e+01,8.864580154418945312e+00,1.017402076721191406e+01,1.123875045776367188e+01
9.167190551757812500e+00,8.070552825927734375e+00,2.804713964462280273e+00,8.072005271911621094e+00,5.348569393157958984e+00,7.982262134552001953e+00,7.412820339202880859e+00,8.874711990356445312e+00,1.292525005340576172e+01,8.923978805541992188e+00,1.038567924499511719e+01,1.136955261230468750e+01
9.431009292602539062e+00,8.080616950988769531e+00,3.177989721298217773e+00,8.040843009948730469e+00,5.062356948852539062e+00,8.129469871520996094e+00,7.441553115844726562e+00,8.612328529357910156e+00,1.285733985900878906e+01,8.883818626403808594e+00,1.018890094757080078e+01,1.121433639526367188e+01
9.270248413085937500e+00,8.100623130798339844e+00,2.922595262527465820e+00,8.103581428527832031e+00,5.328000068664550781e+00,8.054982185363769531e+00,7.485625267028808594e+00,8.774887084960937500e+00,1.281895446777343750e+01,8.942853927612304688e+00,1.031299781799316406e+01,1.127003288269042969e+01
9.437212944030761719e+00,7.910368919372558594e+00,2.999635457992553711e+00,8.024153709411621094e+00,5.064184188842773438e+00,7.396863937377929688e+00,7.111321449279785156e+00,9.070499420166015625e+00,1.295871829986572266e+01,8.875551223754882812e+00,1.030790233612060547e+01,1.126708221435546875e+01
9.550554275512695312e+00,7.990313053131103516e+00,3.112248659133911133e+00,8.128085136413574219e+00,5.275115013122558594e+00,7.692608833312988281e+00,7.185231208801269531e+00,8.932381629943847656e+00,1.293428897857666016e+01,8.887887954711914062e+00,1.023894309997558594e+01,1.115993213653564453e+01
9.382495880126953125e+00,8.489909172058105469e+00,3.386801004409790039e+00,8.248411178588867188e+00,5.475333213806152344e+00,8.182964324951171875e+00,7.473721504211425781e+00,8.781797409057617188e+00,1.307907581329345703e+01,9.079458236694335938e+00,1.044975662231445312e+01,1.145937538146972656e+01
