8.855705261230468750e+00,7.547913551330566406e+00,7.521664142608642578e+00,3.408473014831542969e+00,8.822054862976074219e+00,6.218819618225097656e+00,8.168697357177734375e+00,1.231325244903564453e+01,9.357111930847167969e+00,1.045417976379394531e+01,1.147111797332763672e+01
9.145558357238769531e+00,7.498160362243652344e+00,7.841054916381835938e+00,3.328272819519042969e+00,8.463682174682617188e+00,6.594040393829345703e+00,8.316317558288574219e+00,1.207025909423828125e+01,9.512793540954589844e+00,1.038884639739990234e+01,1.142219543457031250e+01
9.227581977844238281e+00,7.256115913391113281e+00,7.331306457519531250e+00,2.986576557159423828e+00,7.796574592590332031e+00,5.504129409790039062e+00,8.703866958618164062e+00,1.194557380676269531e+01,9.114507675170898438e+00,1.023091125488281250e+01,1.119084930419921875e+01
9.237883567810058594e+00,7.318893432617187500e+00,7.638576984405517578e+00,3.172541141510009766e+00,8.397532463073730469e+00,6.312265396118164062e+00,8.595797538757324219e+00,1.195433902740478516e+01,9.417819023132324219e+00,1.036267566680908203e+01,1.135435390472412109e+01
9.080695152282714844e+00,7.378079414367675781e+00,7.624094009399414062e+00,3.284258842468261719e+00,8.107908248901367188e+00,6.529989719390869141e+00,8.326641082763671875e+00,1.195754623413085938e+01,9.382731437683105469e+00,1.044608497619628906e+01,1.140952968597412109e+01
9.103728294372558594e+00,7.447890281677246094e+00,7.650301933288574219e+00,3.241747379302978516e+00,8.416067123413085938e+00,6.217056274414062500e+00,7.999667644500732422e+00,1.204713535308837891e+01,9.468688011169433594e+00,1.043742275238037109e+01,1.148521804809570312e+01
9.362814903259277344e+00,7.098052024841308594e+00,7.221773147583007812e+00,2.868545532226562500e+00,7.500919818878173828e+00,5.273249626159667969e+00,8.755023956298828125e+00,1.173882102966308594e+01,9.057156562805175781e+00,1.017744827270507812e+01,1.114708042144775391e+01
9.154632568359375000e+00,7.221189498901367188e+00,7.457371711730957031e+00,3.167347908020019531e+00,7.712511539459228516e+00,5.980636596679687500e+00,8.347167968750000000e+00,1.187081146240234375e+01,9.276233673095703125e+00,1.041995143890380859e+01,1.138917922973632812e+01
9.441799163818359375e+00,7.090664863586425781e+00,7.462398529052734375e+00,2.899410724639892578e+00,7.581252574920654297e+00,5.446688652038574219e+00,8.740921020507812500e+00,1.169823741912841797e+01,9.306158065795898438e+00,1.027299213409423828e+01,1.128181648254394531e+01
9.493287086486816406e+00,6.978596687316894531e+00,7.220462799072265625e+00,2.803358078002929688e+00,7.396632194519042969e+00,5.588688850402832031e+00,9.417508125305175781e+00,1.153474712371826172e+01,8.992175102233886719e+00,1.006232452392578125e+01,1.093192100524902344e+01
9.036006927490234375e+00,7.856698036193847656e+00,7.792945861816406250e+00,4.426780700683593750e+00,7.678469181060791016e+00,6.938321113586425781e+00,1.032165718078613281e+01,1.237411212921142578e+01,9.063073158264160156e+00,1.020832443237304688e+01,1.118623542785644531e+01
9.130194664001464844e+00,7.858458518981933594e+00,7.921756267547607422e+00,4.597365379333496094e+00,7.845783710479736328e+00,7.042881011962890625e+00,1.034190177917480469e+01,1.247947025299072266e+01,9.258902549743652344e+00,1.039895725250244141e+01,1.145185852050781250e+01
9.067869186401367188e+00,7.838926315307617188e+00,7.789813041687011719e+00,4.335845470428466797e+00,7.801060676574707031e+00,6.904832839965820312e+00,1.049729728698730469e+01,1.237960720062255859e+01,9.139277458190917969e+00,1.028999710083007812e+01,1.126101589202880859e+01
9.006043434143066406e+00,7.874279975891113281e+00,7.771681785583496094e+00,4.474291324615478516e+00,7.605165481567382812e+00,7.013838768005371094e+00,1.031391525268554688e+01,1.232893848419189453e+01,8.989614486694335938e+00,1.013531875610351562e+01,1.110859489440917969e+01
9.034143447875976562e+00,7.831638336181640625e+00,7.797547340393066406e+00,4.435956478118896484e+00,7.544192790985107422e+00,7.007518768310546875e+00,1.021285629272460938e+01,1.233652591705322266e+01,9.036477088928222656e+00,1.017998313903808594e+01,1.115135955810546875e+01
9.064908027648925781e+00,7.879724502563476562e+00,7.878643989562988281e+00,4.588375568389892578e+00,7.565664768218994141e+00,7.073245048522949219e+00,1.014942550659179688e+01,1.241313838958740234e+01,9.110422134399414062e+00,1.025215148925781250e+01,1.126575851440429688e+01
8.981400489807128906e+00,7.866826057434082031e+00,7.818298339843750000e+00,4.512222290039062500e+00,7.390649318695068359e+00,7.035417556762695312e+00,9.880472183227539062e+00,1.232025909423828125e+01,8.980048179626464844e+00,1.011139583587646484e+01,1.109641456604003906e+01
9.049598693847656250e+00,7.877936363220214844e+00,7.870028495788574219e+00,4.595326900482177734e+00,7.430944919586181641e+00,7.032453536987304688e+00,1.007909774780273438e+01,1.238716125488281250e+01,9.073346138000488281e+00,1.020037078857421875e+01,1.120801925659179688e+01
9.071362495422363281e+00,7.771231651306152344e+00,7.789043903350830078e+00,4.282535552978515625e+00,7.419345378875732422e+00,6.858993530273437500e+00,1.008405303955078125e+01,1.232647418975830078e+01,9.050009727478027344e+00,1.018966865539550781e+01,1.112903594970703125e+01
9.067645072937011719e+00,7.849789619445800781e+00,7.867903709411621094e+00,4.567846298217773438e+00,7.455898761749267578e+00,7.051369667053222656e+00,1.007909011840820312e+01,1.237543773651123047e+01,9.079614639282226562e+00,1.021078777313232422e+01,1.121613025665283203e+01
9.256199836730957031e+00,7.470060348510742188e+00,7.320891857147216797e+00,3.671215057373046875e+00,6.226356506347656250e+00,6.272561073303222656e+00,7.862734794616699219e+00,1.224789524078369141e+01,8.458350181579589844e+00,9.850399971008300781e+00,1.074266910552978516e+01
9.324645042419433594e+00,7.306861877441406250e+00,7.224116325378417969e+00,3.572573184967041016e+00,6.315841197967529297e+00,6.396160125732421875e+00,7.564475536346435547e+00,1.209110450744628906e+01,8.399799346923828125e+00,9.869781494140625000e+00,1.077359962463378906e+01
9.179962158203125000e+00,7.379015922546386719e+00,7.201991081237792969e+00,3.574226379394531250e+00,6.132934093475341797e+00,6.114391803741455078e+00,7.593733787536621094e+00,1.214616870880126953e+01,8.411478996276855469e+00,9.868448257446289062e+00,1.076970291137695312e+01
9.153589248657226562e+00,7.404285430908203125e+00,7.091052055358886719e+00,3.441975116729736328e+00,5.860921382904052734e+00,5.603543758392333984e+00,7.494859218597412109e+00,1.218549251556396484e+01,8.370800971984863281e+00,9.914333343505859375e+00,1.081038665771484375e+01
9.038201332092285156e+00,7.471639633178710938e+00,6.955380439758300781e+00,3.444079399108886719e+00,5.679328441619873047e+00,5.310204505920410156e+00,7.410908222198486328e+00,1.219327068328857422e+01,8.312570571899414062e+00,9.950134277343750000e+00,1.086801433563232422e+01
9.044465065002441406e+00,7.304388999938964844e+00,6.852725028991699219e+00,3.371611118316650391e+00,5.765502929687500000e+00,5.551183700561523438e+00,7.286593914031982422e+00,1.201040363311767578e+01,8.227417945861816406e+00,9.895160675048828125e+00,1.080084800720214844e+01
8.978500366210937500e+00,7.499734878540039062e+00,7.007896900177001953e+00,3.445301532745361328e+00,5.895865440368652344e+00,5.612978458404541016e+00,6.928544044494628906e+00,1.215248775482177734e+01,8.333807945251464844e+00,9.918475151062011719e+00,1.087350845336914062e+01
9.129907608032226562e+00,7.359869956970214844e+00,6.764772891998291016e+00,3.239711284637451172e+00,5.654912471771240234e+00,5.127160072326660156e+00,8.165798187255859375e+00,1.208501148223876953e+01,8.007472991943359375e+00,9.618480682373046875e+00,1.039616012573242188e+01
9.026364326477050781e+00,7.368879318237304688e+00,6.892232418060302734e+00,3.546608924865722656e+00,5.567871093750000000e+00,5.292984008789062500e+00,7.869584560394287109e+00,1.212546062469482422e+01,8.200728416442871094e+00,9.813415527343750000e+00,1.068349361419677734e+01
9.075543403625488281e+00,7.312335968017578125e+00,6.875695228576660156e+00,3.320019245147705078e+00,5.761780261993408203e+00,5.496790885925292969e+00,7.407399654388427734e+00,1.202609157562255859e+01,8.168383598327636719e+00,9.779738426208496094e+00,1.064918613433837891e+01
8.884441375732421875e+00,7.272750854492187500e+00,7.201254367828369141e+00,3.659977912902832031e+00,9.391034126281738281e+00,6.840795516967773438e+00,1.050362014770507812e+01,1.211135959625244141e+01,9.009137153625488281e+00,1.017474079132080078e+01,1.101600933074951172e+01
8.815775871276855469e+00,7.219757080078125000e+00,7.116116523742675781e+00,3.589753150939941406e+00,9.205736160278320312e+00,6.555391788482666016e+00,1.046383285522460938e+01,1.205535030364990234e+01,8.988042831420898438e+00,1.019059562683105469e+01,1.103011894226074219e+01
8.897461891174316406e+00,7.177250862121582031e+00,7.062174797058105469e+00,3.688802719116210938e+00,9.340940475463867188e+00,6.619049072265625000e+00,1.075303554534912109e+01,1.203827285766601562e+01,8.928599357604980469e+00,1.015752220153808594e+01,1.101191329956054688e+01
8.538303375244140625e+00,6.832870483398437500e+00,6.559621334075927734e+00,2.971681118011474609e+00,6.924187660217285156e+00,5.221075057983398438e+00,8.001788139343261719e+00,1.153644847869873047e+01,8.401016235351562500e+00,9.939236640930175781e+00,1.077321338653564453e+01
8.788077354431152344e+00,6.788997650146484375e+00,6.618861198425292969e+00,3.102675914764404297e+00,7.859846591949462891e+00,5.323278903961181641e+00,9.183227539062500000e+00,1.162676334381103516e+01,8.481673240661621094e+00,9.867459297180175781e+00,1.072062873840332031e+01
9.124512672424316406e+00,7.297866821289062500e+00,7.082997322082519531e+00,3.226592063903808594e+00,7.021322250366210938e+00,6.110506057739257812e+00,7.024084568023681641e+00,1.190751457214355469e+01,8.568422317504882812e+00,1.001644897460937500e+01,1.098796081542968750e+01
8.905190467834472656e+00,6.917349815368652344e+00,7.332329750061035156e+00,3.582365989685058594e+00,8.060046195983886719e+00,7.329229831695556641e+00,8.769348144531250000e+00,1.159559345245361328e+01,8.888552665710449219e+00,1.010123443603515625e+01,1.094551849365234375e+01
8.776557922363281250e+00,6.744229316711425781e+00,6.710759162902832031e+00,3.037735939025878906e+00,7.473628997802734375e+00,5.558795928955078125e+00,8.688629150390625000e+00,1.150616836547851562e+01,8.591860771179199219e+00,9.997264862060546875e+00,1.083167076110839844e+01
8.755912780761718750e+00,6.801747322082519531e+00,6.814808845520019531e+00,3.114411354064941406e+00,7.589200496673583984e+00,5.905123710632324219e+00,8.817178726196289062e+00,1.155676937103271484e+01,8.654976844787597656e+00,1.006419277191162109e+01,1.086122989654541016e+01
8.864166259765625000e+00,6.785194396972656250e+00,6.932476043701171875e+00,3.201855182647705078e+00,7.907148838043212891e+00,6.332867622375488281e+00,8.995210647583007812e+00,1.157210540771484375e+01,8.692060470581054688e+00,1.002988147735595703e+01,1.080961990356445312e+01
9.434512138366699219e+00,7.473217964172363281e+00,7.381942749023437500e+00,3.568842887878417969e+00,6.266896247863769531e+00,6.073506355285644531e+00,7.233476161956787109e+00,1.209443283081054688e+01,8.644868850708007812e+00,9.956398010253906250e+00,1.100744819641113281e+01
9.436403274536132812e+00,7.410172462463378906e+00,7.135763168334960938e+00,3.081666469573974609e+00,6.413550376892089844e+00,5.564105033874511719e+00,7.017832279205322266e+00,1.200424289703369141e+01,8.580595970153808594e+00,9.977133750915527344e+00,1.099632835388183594e+01
9.313494682312011719e+00,7.115861892700195312e+00,6.491284847259521484e+00,2.701870441436767578e+00,6.039006710052490234e+00,5.058554649353027344e+00,6.971618175506591797e+00,1.168035793304443359e+01,8.071185111999511719e+00,9.827917098999023438e+00,1.072384357452392578e+01
9.315966606140136719e+00,7.157218933105468750e+00,6.766743183135986328e+00,2.967555522918701172e+00,6.252959251403808594e+00,5.701262474060058594e+00,7.163702487945556641e+00,1.171042633056640625e+01,8.249937057495117188e+00,9.879339218139648438e+00,1.078471183776855469e+01
9.413419723510742188e+00,6.921316146850585938e+00,6.461153030395507812e+00,2.792747497558593750e+00,5.712278366088867188e+00,5.080891132354736328e+00,7.391703605651855469e+00,1.151965904235839844e+01,8.028009414672851562e+00,9.761716842651367188e+00,1.063578128814697266e+01
9.194875717163085938e+00,6.798515319824218750e+00,6.406079292297363281e+00,2.649840831756591797e+00,6.271055698394775391e+00,4.827629089355468750e+00,7.443640232086181641e+00,1.145767784118652344e+01,8.165095329284667969e+00,9.835302352905273438e+00,1.071852302551269531e+01
9.296170234680175781e+00,7.437913894653320312e+00,6.711373329162597656e+00,2.875019073486328125e+00,5.832124233245849609e+00,4.867397785186767578e+00,6.962408542633056641e+00,1.195909404754638672e+01,8.304949760437011719e+00,9.977246284484863281e+00,1.095067214965820312e+01
9.242877006530761719e+00,7.081934928894042969e+00,6.302658081054687500e+00,2.690968513488769531e+00,5.815422534942626953e+00,4.899773597717285156e+00,6.943341732025146484e+00,1.157678890228271484e+01,7.940878868103027344e+00,9.783381462097167969e+00,1.067706489562988281e+01
9.165060043334960938e+00,6.748884201049804688e+00,6.483118057250976562e+00,2.682020664215087891e+00,6.610476970672607422e+00,5.266791343688964844e+00,7.861870765686035156e+00,1.139863204956054688e+01,8.180253028869628906e+00,9.794454574584960938e+00,1.060946750640869141e+01
9.372867584228515625e+00,7.061778068542480469e+00,6.378847122192382812e+00,2.571052074432373047e+00,6.271176338195800781e+00,4.787693977355957031e+00,6.920875549316406250e+00,1.160849666595458984e+01,8.092868804931640625e+00,9.822563171386718750e+00,1.076064014434814453e+01
9.109319686889648438e+00,7.728065490722656250e+00,8.017313003540039062e+00,4.056038379669189453e+00,9.287100791931152344e+00,8.354507446289062500e+00,1.036545944213867188e+01,1.203705120086669922e+01,9.399162292480468750e+00,1.016876983642578125e+01,1.113439846038818359e+01
9.051153182983398438e+00,7.914299011230468750e+00,8.056571960449218750e+00,4.186779975891113281e+00,9.659972190856933594e+00,8.612179756164550781e+00,1.086698055267333984e+01,1.202964687347412109e+01,9.387011528015136719e+00,1.007338905334472656e+01,1.107551193237304688e+01
9.124779701232910156e+00,7.845932006835937500e+00,8.080502510070800781e+00,4.090223312377929688e+00,9.263489723205566406e+00,8.613481521606445312e+00,1.029806327819824219e+01,1.197586917877197266e+01,9.314595222473144531e+00,1.001488780975341797e+01,1.098605728149414062e+01
9.085999488830566406e+00,7.735115051269531250e+00,8.244336128234863281e+00,4.112864971160888672e+00,9.130889892578125000e+00,8.706812858581542969e+00,9.784330368041992188e+00,1.190134525299072266e+01,9.530038833618164062e+00,1.017041015625000000e+01,1.119049263000488281e+01
9.122280120849609375e+00,7.756339073181152344e+00,8.158460617065429688e+00,4.092981815338134766e+00,9.066504478454589844e+00,8.736583709716796875e+00,9.625215530395507812e+00,1.193373203277587891e+01,9.348118782043457031e+00,1.005217075347900391e+01,1.104369640350341797e+01
9.107653617858886719e+00,7.802332878112792969e+00,8.053561210632324219e+00,4.041382312774658203e+00,9.357434272766113281e+00,8.724422454833984375e+00,1.013176727294921875e+01,1.190204524993896484e+01,9.268923759460449219e+00,9.940275192260742188e+00,1.091130542755126953e+01
9.095320701599121094e+00,7.700575828552246094e+00,8.134475708007812500e+00,4.074280261993408203e+00,9.071962356567382812e+00,8.643850326538085938e+00,9.746138572692871094e+00,1.188924217224121094e+01,9.365565299987792969e+00,1.005182456970214844e+01,1.104338836669921875e+01
9.134737968444824219e+00,7.705037117004394531e+00,8.229481697082519531e+00,4.199023246765136719e+00,8.891421318054199219e+00,8.795747756958007812e+00,9.345901489257812500e+00,1.188346958160400391e+01,9.384710311889648438e+00,1.008496475219726562e+01,1.112701988220214844e+01
9.166134834289550781e+00,7.697914123535156250e+00,8.153630256652832031e+00,4.130432128906250000e+00,9.127713203430175781e+00,8.796558380126953125e+00,9.535329818725585938e+00,1.184556293487548828e+01,9.315922737121582031e+00,9.987732887268066406e+00,1.101973247528076172e+01
9.189469337463378906e+00,7.674518585205078125e+00,8.291695594787597656e+00,4.261597633361816406e+00,8.837944984436035156e+00,8.952783584594726562e+00,8.964361190795898438e+00,1.188721752166748047e+01,9.428287506103515625e+00,1.015807533264160156e+01,1.123779392242431641e+01
9.077107429504394531e+00,8.110337257385253906e+00,7.916101932525634766e+00,4.680960655212402344e+00,1.027406597137451172e+01,8.228219985961914062e+00,1.131986427307128906e+01,1.235699462890625000e+01,9.310123443603515625e+00,1.017988586425781250e+01,1.135261726379394531e+01
9.110865592956542969e+00,7.882606506347656250e+00,7.943285942077636719e+00,4.224670410156250000e+00,9.538317680358886719e+00,8.239269256591796875e+00,1.054027557373046875e+01,1.214698982238769531e+01,9.267215728759765625e+00,1.006618785858154297e+01,1.108191108703613281e+01
9.105745315551757812e+00,7.839890480041503906e+00,7.979265689849853516e+00,4.224279403686523438e+00,9.687489509582519531e+00,8.194744110107421875e+00,1.063845539093017578e+01,1.209228610992431641e+01,9.360419273376464844e+00,1.008384704589843750e+01,1.113024902343750000e+01
9.042101860046386719e+00,7.858615875244140625e+00,8.253656387329101562e+00,4.398860931396484375e+00,9.543390274047851562e+00,8.792868614196777344e+00,9.813598632812500000e+00,1.200887012481689453e+01,9.477938652038574219e+00,1.009124755859375000e+01,1.121259021759033203e+01
9.091851234436035156e+00,7.782835960388183594e+00,8.303289413452148438e+00,4.572235584259033203e+00,9.437268257141113281e+00,8.820858955383300781e+00,9.446253776550292969e+00,1.197872447967529297e+01,9.489099502563476562e+00,1.012384796142578125e+01,1.133493423461914062e+01
9.080402374267578125e+00,7.791306495666503906e+00,8.383838653564453125e+00,4.529174804687500000e+00,8.848752021789550781e+00,8.839878082275390625e+00,8.689997673034667969e+00,1.197442340850830078e+01,9.464528083801269531e+00,1.014276981353759766e+01,1.133302116394042969e+01
9.087048530578613281e+00,7.664232254028320312e+00,8.282075881958007812e+00,4.727826118469238281e+00,9.061195373535156250e+00,8.887768745422363281e+00,8.317855834960937500e+00,1.182242679595947266e+01,9.308378219604492188e+00,9.982267379760742188e+00,1.129819869995117188e+01
9.380165100097656250e+00,7.760839462280273438e+00,8.392844200134277344e+00,4.607453346252441406e+00,9.001946449279785156e+00,9.034524917602539062e+00,7.869332790374755859e+00,1.202249240875244141e+01,9.371224403381347656e+00,1.012412261962890625e+01,1.142226219177246094e+01
9.095147132873535156e+00,7.687142372131347656e+00,8.112230300903320312e+00,4.229355335235595703e+00,9.230077743530273438e+00,8.307779312133789062e+00,9.918220520019531250e+00,1.191298675537109375e+01,9.405961036682128906e+00,1.006530761718750000e+01,1.115368080139160156e+01
9.120514869689941406e+00,7.739211082458496094e+00,8.396564483642578125e+00,4.573360919952392578e+00,9.380405426025390625e+00,8.968989372253417969e+00,9.140289306640625000e+00,1.193610763549804688e+01,9.569458961486816406e+00,1.016969299316406250e+01,1.139888572692871094e+01
9.165443420410156250e+00,7.930386543273925781e+00,8.423384666442871094e+00,4.636598587036132812e+00,8.179328918457031250e+00,8.589537620544433594e+00,8.479857444763183594e+00,1.208773040771484375e+01,9.281983375549316406e+00,1.000135993957519531e+01,1.117319297790527344e+01
9.154948234558105469e+00,7.862512588500976562e+00,8.292458534240722656e+00,4.237950325012207031e+00,8.834094047546386719e+00,8.498162269592285156e+00,9.329860687255859375e+00,1.215068817138671875e+01,9.474369049072265625e+00,1.022165679931640625e+01,1.126768302917480469e+01
9.131285667419433594e+00,7.777039527893066406e+00,8.375900268554687500e+00,4.560132980346679688e+00,8.223140716552734375e+00,8.801513671875000000e+00,8.155551910400390625e+00,1.211409282684326172e+01,9.478468894958496094e+00,1.035095024108886719e+01,1.151914215087890625e+01
9.041548728942871094e+00,7.901322364807128906e+00,8.453432083129882812e+00,4.566076278686523438e+00,8.556885719299316406e+00,8.682847023010253906e+00,9.072389602661132812e+00,1.198623180389404297e+01,9.480243682861328125e+00,1.010950565338134766e+01,1.128127288818359375e+01
9.165497779846191406e+00,7.730339050292968750e+00,8.245924949645996094e+00,4.414185523986816406e+00,8.022592544555664062e+00,8.543271064758300781e+00,8.007065773010253906e+00,1.212844276428222656e+01,9.354406356811523438e+00,1.031274032592773438e+01,1.143419837951660156e+01
9.159217834472656250e+00,7.776312828063964844e+00,8.396303176879882812e+00,4.456853389739990234e+00,8.451405525207519531e+00,8.936588287353515625e+00,8.158945083618164062e+00,1.212389278411865234e+01,9.512459754943847656e+00,1.036530876159667969e+01,1.150065422058105469e+01
9.133907318115234375e+00,7.734704017639160156e+00,8.226928710937500000e+00,4.463085174560546875e+00,8.044127464294433594e+00,8.606096267700195312e+00,8.083166122436523438e+00,1.208476161956787109e+01,9.330511093139648438e+00,1.028595161437988281e+01,1.141752338409423828e+01
9.301341056823730469e+00,7.583732604980468750e+00,8.173189163208007812e+00,4.216429710388183594e+00,7.972547531127929688e+00,8.278013229370117188e+00,8.236562728881835938e+00,1.199104404449462891e+01,9.252161979675292969e+00,1.014516830444335938e+01,1.123870658874511719e+01
9.267924308776855469e+00,7.688796043395996094e+00,8.224857330322265625e+00,4.264357566833496094e+00,8.207618713378906250e+00,8.597841262817382812e+00,8.052471160888671875e+00,1.209378337860107422e+01,9.341439247131347656e+00,1.029080104827880859e+01,1.138634395599365234e+01
9.029591560363769531e+00,7.789774894714355469e+00,8.399297714233398438e+00,4.462029933929443359e+00,8.644963264465332031e+00,8.860822677612304688e+00,8.810789108276367188e+00,1.203345775604248047e+01,9.555714607238769531e+00,1.029920005798339844e+01,1.142770767211914062e+01
9.426209449768066406e+00,6.718924522399902344e+00,7.606387138366699219e+00,5.594129085540771484e+00,7.109732151031494141e+00,5.862514972686767578e+00,8.068230628967285156e+00,1.159212875366210938e+01,8.776796340942382812e+00,9.614506721496582031e+00,1.127925014495849609e+01
8.970447540283203125e+00,7.274717330932617188e+00,7.186959743499755859e+00,4.631529808044433594e+00,8.378476142883300781e+00,5.933957576751708984e+00,9.878059387207031250e+00,1.200469303131103516e+01,8.589050292968750000e+00,9.784278869628906250e+00,1.103497791290283203e+01
8.738818168640136719e+00,7.090630531311035156e+00,7.088939666748046875e+00,4.516637802124023438e+00,9.786824226379394531e+00,6.484806060791015625e+00,1.018969154357910156e+01,1.200432300567626953e+01,8.753972053527832031e+00,9.926824569702148438e+00,1.114175224304199219e+01
8.844841957092285156e+00,7.201245307922363281e+00,7.436070919036865234e+00,4.785678863525390625e+00,9.673794746398925781e+00,6.962268352508544922e+00,1.019172668457031250e+01,1.193382167816162109e+01,8.950554847717285156e+00,9.974838256835937500e+00,1.132451629638671875e+01
8.954963684082031250e+00,7.285869598388671875e+00,7.344934940338134766e+00,4.348967552185058594e+00,9.194602966308593750e+00,6.621305465698242188e+00,1.030401992797851562e+01,1.192094707489013672e+01,8.831559181213378906e+00,9.842573165893554688e+00,1.101214981079101562e+01
8.922333717346191406e+00,6.889828681945800781e+00,7.140648841857910156e+00,4.746581077575683594e+00,9.096756935119628906e+00,6.068227767944335938e+00,9.726411819458007812e+00,1.191162776947021484e+01,8.728829383850097656e+00,9.910845756530761719e+00,1.125360012054443359e+01
8.958412170410156250e+00,7.183837890625000000e+00,7.241718292236328125e+00,4.236962318420410156e+00,8.883008003234863281e+00,6.505094051361083984e+00,1.027459144592285156e+01,1.180267524719238281e+01,8.700646400451660156e+00,9.745395660400390625e+00,1.087241077423095703e+01
8.886113166809082031e+00,7.129439353942871094e+00,7.239176750183105469e+00,4.558345317840576172e+00,9.461054801940917969e+00,6.340591430664062500e+00,1.026967048645019531e+01,1.196715068817138672e+01,8.857389450073242188e+00,9.949339866638183594e+00,1.120820522308349609e+01
8.891795158386230469e+00,7.127543449401855469e+00,7.046129703521728516e+00,4.282311916351318359e+00,8.808789253234863281e+00,5.793212890625000000e+00,1.010084915161132812e+01,1.208747959136962891e+01,8.739241600036621094e+00,1.002962303161621094e+01,1.117710590362548828e+01
9.166768074035644531e+00,7.129868507385253906e+00,7.165722846984863281e+00,3.803690433502197266e+00,8.652384757995605469e+00,6.347855567932128906e+00,1.033117866516113281e+01,1.153901386260986328e+01,8.589869499206542969e+00,9.505950927734375000e+00,1.056138038635253906e+01
9.173241615295410156e+00,7.610764503479003906e+00,7.145734786987304688e+00,4.693413734436035156e+00,7.235496044158935547e+00,5.788526535034179688e+00,1.030196380615234375e+01,1.241447353363037109e+01,8.582818984985351562e+00,1.013866615295410156e+01,1.119418716430664062e+01
9.182969093322753906e+00,7.664194107055664062e+00,7.306868553161621094e+00,4.611339092254638672e+00,6.967802524566650391e+00,5.869302749633789062e+00,1.006317329406738281e+01,1.248995494842529297e+01,8.676806449890136719e+00,1.015745162963867188e+01,1.116528892517089844e+01
9.131109237670898438e+00,7.603308677673339844e+00,7.120913505554199219e+00,4.651826858520507812e+00,7.288496017456054688e+00,5.805727958679199219e+00,1.047325325012207031e+01,1.233589839935302734e+01,8.605450630187988281e+00,1.014668846130371094e+01,1.119650459289550781e+01
9.096417427062988281e+00,7.527205467224121094e+00,7.248382568359375000e+00,4.702511787414550781e+00,7.410736560821533203e+00,5.956601142883300781e+00,1.031484699249267578e+01,1.229376506805419922e+01,8.698870658874511719e+00,1.012970924377441406e+01,1.121007633209228516e+01
9.000620841979980469e+00,7.498419761657714844e+00,7.320655345916748047e+00,4.681602954864501953e+00,7.721189498901367188e+00,6.328798770904541016e+00,1.034888648986816406e+01,1.220408725738525391e+01,8.768219947814941406e+00,1.011914730072021484e+01,1.120310306549072266e+01
9.351620674133300781e+00,7.583648681640625000e+00,7.266726970672607422e+00,4.717429161071777344e+00,7.101695060729980469e+00,5.639644622802734375e+00,1.034619712829589844e+01,1.240925121307373047e+01,8.741029739379882812e+00,1.021379280090332031e+01,1.131662368774414062e+01
9.286934852600097656e+00,7.324620246887207031e+00,7.262694358825683594e+00,4.910897731781005859e+00,7.237937450408935547e+00,5.678315162658691406e+00,9.896421432495117188e+00,1.231315326690673828e+01,8.768763542175292969e+00,1.021460056304931641e+01,1.140742492675781250e+01
9.248803138732910156e+00,7.546719551086425781e+00,7.242252349853515625e+00,4.650466918945312500e+00,7.096999645233154297e+00,5.653174877166748047e+00,1.029880428314208984e+01,1.233768939971923828e+01,8.715006828308105469e+00,1.016873931884765625e+01,1.125174713134765625e+01
9.106392860412597656e+00,7.484279632568359375e+00,7.223860740661621094e+00,4.547706604003906250e+00,7.123814582824707031e+00,5.840900897979736328e+00,1.021762466430664062e+01,1.227352619171142578e+01,8.706340789794921875e+00,1.015974426269531250e+01,1.118951416015625000e+01
8.915879249572753906e+00,7.399924278259277344e+00,7.128930091857910156e+00,4.639507293701171875e+00,7.684259891510009766e+00,5.882351398468017578e+00,1.020431804656982422e+01,1.223668384552001953e+01,8.689602851867675781e+00,1.016015434265136719e+01,1.125616264343261719e+01
8.985922813415527344e+00,7.698813438415527344e+00,7.333008766174316406e+00,4.297190189361572266e+00,6.822075366973876953e+00,6.058130741119384766e+00,1.017616367340087891e+01,1.229840564727783203e+01,8.712483406066894531e+00,1.010748672485351562e+01,1.102660942077636719e+01
8.972056388854980469e+00,7.712700843811035156e+00,7.491167545318603516e+00,4.409132957458496094e+00,6.911960601806640625e+00,6.308656692504882812e+00,1.006463050842285156e+01,1.228329849243164062e+01,8.841317176818847656e+00,1.013592720031738281e+01,1.109601211547851562e+01
8.918547630310058594e+00,7.711100578308105469e+00,7.462099075317382812e+00,4.294205188751220703e+00,6.828724384307861328e+00,6.262599945068359375e+00,9.987920761108398438e+00,1.225574207305908203e+01,8.807632446289062500e+00,1.010292625427246094e+01,1.103074264526367188e+01
8.978402137756347656e+00,7.729166030883789062e+00,7.524206161499023438e+00,4.228526115417480469e+00,6.639921665191650391e+00,6.207273483276367188e+00,9.879697799682617188e+00,1.232181072235107422e+01,8.870768547058105469e+00,1.015605163574218750e+01,1.106543540954589844e+01
8.995203018188476562e+00,7.680439949035644531e+00,7.494949817657470703e+00,4.477743148803710938e+00,6.864981174468994141e+00,6.255406856536865234e+00,9.914418220520019531e+00,1.227950763702392578e+01,8.848021507263183594e+00,1.014552116394042969e+01,1.113929462432861328e+01
8.922453880310058594e+00,7.588866233825683594e+00,7.319945812225341797e+00,4.037633419036865234e+00,6.835958957672119141e+00,6.128536224365234375e+00,1.006747627258300781e+01,1.214918041229248047e+01,8.718319892883300781e+00,1.005167198181152344e+01,1.092524242401123047e+01
8.869170188903808594e+00,7.665416717529296875e+00,7.361528396606445312e+00,4.317639350891113281e+00,6.914834976196289062e+00,6.241619110107421875e+00,9.960309982299804688e+00,1.217402935028076172e+01,8.686978340148925781e+00,1.000210952758789062e+01,1.094021987915039062e+01
8.861293792724609375e+00,7.612341880798339844e+00,7.393566131591796875e+00,4.404668807983398438e+00,6.958819866180419922e+00,6.251099109649658203e+00,9.678283691406250000e+00,1.223619842529296875e+01,8.792160987854003906e+00,1.014732170104980469e+01,1.114181041717529297e+01
8.909070014953613281e+00,7.660079956054687500e+00,7.427639007568359375e+00,4.252195358276367188e+00,6.869964122772216797e+00,6.269034385681152344e+00,1.000380706787109375e+01,1.217908859252929688e+01,8.765528678894042969e+00,1.004073238372802734e+01,1.096500396728515625e+01
8.957428932189941406e+00,7.588960647583007812e+00,7.429065704345703125e+00,4.363533973693847656e+00,6.859804630279541016e+00,6.200173377990722656e+00,9.771332740783691406e+00,1.221010208129882812e+01,8.792391777038574219e+00,1.010274314880371094e+01,1.107883739471435547e+01
8.982944488525390625e+00,8.028509140014648438e+00,7.491843700408935547e+00,4.974616050720214844e+00,8.067199707031250000e+00,6.859940528869628906e+00,9.125207901000976562e+00,1.267003822326660156e+01,8.734697341918945312e+00,1.020331382751464844e+01,1.140539360046386719e+01
8.916632652282714844e+00,7.911058425903320312e+00,7.554316520690917969e+00,4.974127769470214844e+00,8.667229652404785156e+00,7.251973152160644531e+00,8.991174697875976562e+00,1.250406265258789062e+01,8.845409393310546875e+00,1.020500946044921875e+01,1.148871231079101562e+01
8.971440315246582031e+00,7.878544807434082031e+00,7.516972541809082031e+00,5.075772285461425781e+00,8.414679527282714844e+00,7.149689674377441406e+00,9.179374694824218750e+00,1.234046077728271484e+01,8.669587135314941406e+00,9.964483261108398438e+00,1.126466178894042969e+01
8.916617393493652344e+00,7.833912849426269531e+00,7.507200717926025391e+00,5.045527458190917969e+00,8.803462028503417969e+00,7.254427433013916016e+00,9.421764373779296875e+00,1.238852214813232422e+01,8.776476860046386719e+00,1.010795879364013672e+01,1.140675544738769531e+01
8.935664176940917969e+00,7.895421028137207031e+00,7.568663597106933594e+00,5.149986743927001953e+00,8.649957656860351562e+00,7.400926589965820312e+00,8.942029953002929688e+00,1.240281009674072266e+01,8.804253578186035156e+00,1.013668727874755859e+01,1.149094963073730469e+01
9.004009246826171875e+00,7.824810028076171875e+00,7.584878921508789062e+00,5.193958282470703125e+00,8.397602081298828125e+00,7.307123661041259766e+00,8.633176803588867188e+00,1.236065864562988281e+01,8.785361289978027344e+00,1.009913063049316406e+01,1.148500728607177734e+01
8.957242012023925781e+00,7.881260871887207031e+00,7.618745326995849609e+00,5.073299407958984375e+00,8.563309669494628906e+00,7.447702884674072266e+00,8.824106216430664062e+00,1.239058208465576172e+01,8.827569007873535156e+00,1.013053512573242188e+01,1.145664215087890625e+01
9.000927925109863281e+00,7.810092926025390625e+00,7.557001590728759766e+00,5.085309028625488281e+00,8.110021591186523438e+00,7.234252452850341797e+00,8.613145828247070312e+00,1.231025886535644531e+01,8.730992317199707031e+00,1.004148578643798828e+01,1.137186622619628906e+01
9.042765617370605469e+00,7.853194236755371094e+00,7.559086799621582031e+00,5.009315490722656250e+00,8.044828414916992188e+00,7.244128227233886719e+00,8.670268058776855469e+00,1.232283878326416016e+01,8.656668663024902344e+00,9.953922271728515625e+00,1.123234176635742188e+01
8.961607933044433594e+00,7.852607727050781250e+00,7.576116085052490234e+00,5.108004093170166016e+00,8.422351837158203125e+00,7.332822322845458984e+00,9.086963653564453125e+00,1.233061408996582031e+01,8.758565902709960938e+00,1.005767250061035156e+01,1.137054538726806641e+01
