9.662884712219238281e+00,7.297279357910156250e+00,7.963072776794433594e+00,4.007483482360839844e+00,9.560092926025390625e+00,6.309528350830078125e+00,9.657367706298828125e+00,1.282156658172607422e+01,9.539562225341796875e+00,1.047757530212402344e+01,1.162383079528808594e+01
9.070985794067382812e+00,6.794545650482177734e+00,8.469930648803710938e+00,4.737856388092041016e+00,9.235891342163085938e+00,7.541037082672119141e+00,8.060131072998046875e+00,1.154437351226806641e+01,9.881156921386718750e+00,1.040988922119140625e+01,1.216976928710937500e+01
9.355845451354980469e+00,7.300498008728027344e+00,7.490811347961425781e+00,3.178813219070434570e+00,7.732607841491699219e+00,5.268291473388671875e+00,9.236063003540039062e+00,1.216939830780029297e+01,9.318335533142089844e+00,1.031297492980957031e+01,1.185011291503906250e+01
8.797272682189941406e+00,6.950172424316406250e+00,8.115635871887207031e+00,4.240758419036865234e+00,9.115503311157226562e+00,7.307009696960449219e+00,8.409154891967773438e+00,1.147911262512207031e+01,9.533867835998535156e+00,1.029159927368164062e+01,1.182126998901367188e+01
9.059895515441894531e+00,7.351572036743164062e+00,8.251836776733398438e+00,4.564859867095947266e+00,8.928230285644531250e+00,7.741040706634521484e+00,8.242103576660156250e+00,1.207817554473876953e+01,9.367321968078613281e+00,1.018289184570312500e+01,1.160993194580078125e+01
8.817389488220214844e+00,6.882405757904052734e+00,8.222069740295410156e+00,4.040279865264892578e+00,9.314542770385742188e+00,7.279481887817382812e+00,8.412223815917968750e+00,1.177703571319580078e+01,9.511734962463378906e+00,1.000645828247070312e+01,1.140215682983398438e+01
8.764379501342773438e+00,7.076248645782470703e+00,7.950691699981689453e+00,3.778007030487060547e+00,9.565256118774414062e+00,7.063335418701171875e+00,8.648662567138671875e+00,1.149669933319091797e+01,9.370859146118164062e+00,1.040131950378417969e+01,1.175085449218750000e+01
9.019603729248046875e+00,7.062940120697021484e+00,8.121829032897949219e+00,4.348898410797119141e+00,9.048912048339843750e+00,7.538237571716308594e+00,8.524822235107421875e+00,1.199196529388427734e+01,9.556693077087402344e+00,1.039678192138671875e+01,1.149727630615234375e+01
8.580495834350585938e+00,7.035614013671875000e+00,7.957638740539550781e+00,3.823354721069335938e+00,8.866168975830078125e+00,7.035736083984375000e+00,8.640748977661132812e+00,1.147489929199218750e+01,9.354180335998535156e+00,1.044399070739746094e+01,1.193495750427246094e+01
8.703925132751464844e+00,7.310047149658203125e+00,7.653178691864013672e+00,3.994731187820434570e+00,8.317184448242187500e+00,7.094752311706542969e+00,8.273571014404296875e+00,1.156342601776123047e+01,8.925580024719238281e+00,1.008719635009765625e+01,1.173065376281738281e+01
9.376132011413574219e+00,8.445109367370605469e+00,8.603062629699707031e+00,5.272581577301025391e+00,8.477708816528320312e+00,8.259497642517089844e+00,1.081273651123046875e+01,1.284365081787109375e+01,9.758232116699218750e+00,1.097134017944335938e+01,1.173114776611328125e+01
9.227489471435546875e+00,8.196204185485839844e+00,8.743665695190429688e+00,5.611288547515869141e+00,8.670122146606445312e+00,7.946991920471191406e+00,1.105407905578613281e+01,1.304230690002441406e+01,9.913287162780761719e+00,1.114330863952636719e+01,1.200547981262207031e+01
9.343074798583984375e+00,8.343384742736816406e+00,8.783961296081542969e+00,5.514329910278320312e+00,8.468614578247070312e+00,8.219007492065429688e+00,1.083946800231933594e+01,1.299373722076416016e+01,9.916775703430175781e+00,1.104720878601074219e+01,1.190012550354003906e+01
9.522766113281250000e+00,8.497495651245117188e+00,8.594843864440917969e+00,5.299921035766601562e+00,8.483940124511718750e+00,8.578974723815917969e+00,1.066592216491699219e+01,1.284393978118896484e+01,9.818713188171386719e+00,1.105114555358886719e+01,1.173643684387207031e+01
9.460867881774902344e+00,8.602423667907714844e+00,8.660147666931152344e+00,5.460557460784912109e+00,8.550821304321289062e+00,8.832894325256347656e+00,1.074127769470214844e+01,1.289920520782470703e+01,9.941380500793457031e+00,1.115778160095214844e+01,1.182637023925781250e+01
9.286133766174316406e+00,8.496872901916503906e+00,8.632182121276855469e+00,5.484193801879882812e+00,8.639278411865234375e+00,8.749246597290039062e+00,1.060519218444824219e+01,1.279528617858886719e+01,9.888243675231933594e+00,1.117753791809082031e+01,1.182738876342773438e+01
9.389487266540527344e+00,8.399521827697753906e+00,8.196640014648437500e+00,4.762228965759277344e+00,7.921909332275390625e+00,7.548969745635986328e+00,9.704586029052734375e+00,1.280364227294921875e+01,9.375349998474121094e+00,1.074795532226562500e+01,1.150575065612792969e+01
9.348814964294433594e+00,8.476574897766113281e+00,8.671449661254882812e+00,5.526073932647705078e+00,8.583602905273437500e+00,8.738379478454589844e+00,1.052193641662597656e+01,1.286549186706542969e+01,9.916125297546386719e+00,1.115416336059570312e+01,1.185057067871093750e+01
9.564157485961914062e+00,8.539585113525390625e+00,8.601092338562011719e+00,5.290027141571044922e+00,8.341131210327148438e+00,8.439672470092773438e+00,1.055927848815917969e+01,1.293895912170410156e+01,9.767910003662109375e+00,1.105303764343261719e+01,1.177913665771484375e+01
9.363874435424804688e+00,8.549508094787597656e+00,8.664199829101562500e+00,5.536481857299804688e+00,8.593683242797851562e+00,8.858425140380859375e+00,1.057598686218261719e+01,1.288786697387695312e+01,9.969296455383300781e+00,1.121666717529296875e+01,1.185649299621582031e+01
1.050419998168945312e+01,8.386564254760742188e+00,7.019448757171630859e+00,2.627060174942016602e+00,7.107718944549560547e+00,6.543475151062011719e+00,8.837867736816406250e+00,1.248526763916015625e+01,8.580128669738769531e+00,9.335834503173828125e+00,1.013963890075683594e+01
1.063636398315429688e+01,8.198733329772949219e+00,6.847773075103759766e+00,2.429050445556640625e+00,7.243076801300048828e+00,6.440126419067382812e+00,8.742459297180175781e+00,1.248295116424560547e+01,8.374893188476562500e+00,9.255077362060546875e+00,1.006759262084960938e+01
1.101963233947753906e+01,8.330986976623535156e+00,6.788312435150146484e+00,2.571425199508666992e+00,7.110501766204833984e+00,6.267011642456054688e+00,8.870670318603515625e+00,1.259422397613525391e+01,8.756924629211425781e+00,9.589414596557617188e+00,1.021465682983398438e+01
1.090532112121582031e+01,7.753648757934570312e+00,6.715905666351318359e+00,2.906748533248901367e+00,6.792645931243896484e+00,5.595960617065429688e+00,8.913936614990234375e+00,1.282938194274902344e+01,8.556014060974121094e+00,9.709802627563476562e+00,1.041496276855468750e+01
1.074664306640625000e+01,8.070810317993164062e+00,6.785306453704833984e+00,3.064679384231567383e+00,6.848421573638916016e+00,5.448926925659179688e+00,8.872051239013671875e+00,1.278765392303466797e+01,8.836272239685058594e+00,9.867643356323242188e+00,1.093036842346191406e+01
1.085167884826660156e+01,8.584852218627929688e+00,6.979398250579833984e+00,3.117746591567993164e+00,7.332080841064453125e+00,5.994141101837158203e+00,8.781276702880859375e+00,1.307381534576416016e+01,8.993463516235351562e+00,1.017675209045410156e+01,1.119099998474121094e+01
1.012036514282226562e+01,8.121052742004394531e+00,7.670830249786376953e+00,3.927164554595947266e+00,8.101215362548828125e+00,5.186942577362060547e+00,7.914219856262207031e+00,1.312805080413818359e+01,9.509834289550781250e+00,1.024110221862792969e+01,1.168800354003906250e+01
1.066796493530273438e+01,6.745301246643066406e+00,6.160800457000732422e+00,2.475696325302124023e+00,5.871763229370117188e+00,4.710124969482421875e+00,8.908323287963867188e+00,1.233113765716552734e+01,8.196145057678222656e+00,9.407613754272460938e+00,1.019023513793945312e+01
1.062533378601074219e+01,7.366725921630859375e+00,6.628964424133300781e+00,2.846671819686889648e+00,5.988373279571533203e+00,5.223610877990722656e+00,9.114114761352539062e+00,1.263120841979980469e+01,8.409935951232910156e+00,9.712839126586914062e+00,1.040868568420410156e+01
1.123609733581542969e+01,7.947453022003173828e+00,6.693571567535400391e+00,2.749875783920288086e+00,7.061842441558837891e+00,5.757147312164306641e+00,8.797021865844726562e+00,1.286817646026611328e+01,8.747614860534667969e+00,9.840158462524414062e+00,1.046408653259277344e+01
8.699805259704589844e+00,7.649652004241943359e+00,8.456895828247070312e+00,5.436473369598388672e+00,1.158703994750976562e+01,8.205006599426269531e+00,1.150078773498535156e+01,1.277658748626708984e+01,1.033383560180664062e+01,1.104492950439453125e+01,1.197897338867187500e+01
8.803351402282714844e+00,7.394935131072998047e+00,8.374118804931640625e+00,4.971919059753417969e+00,1.069588661193847656e+01,7.741365909576416016e+00,1.089783859252929688e+01,1.243344020843505859e+01,1.024354553222656250e+01,1.090287399291992188e+01,1.146450805664062500e+01
8.945549964904785156e+00,7.368793487548828125e+00,8.539666175842285156e+00,5.035894870758056641e+00,1.114380836486816406e+01,7.848430633544921875e+00,1.142390632629394531e+01,1.255861473083496094e+01,1.035140514373779297e+01,1.104949951171875000e+01,1.172132873535156250e+01
9.878679275512695312e+00,7.454529285430908203e+00,6.667917728424072266e+00,3.432326793670654297e+00,9.184094429016113281e+00,6.254288673400878906e+00,8.304985046386718750e+00,1.159077167510986328e+01,9.411120414733886719e+00,9.667802810668945312e+00,1.097924041748046875e+01
9.004305839538574219e+00,7.348430156707763672e+00,7.631949901580810547e+00,3.666060209274291992e+00,1.034504890441894531e+01,4.983885765075683594e+00,8.589353561401367188e+00,1.215820407867431641e+01,9.359302520751953125e+00,9.967557907104492188e+00,1.141880035400390625e+01
1.143331718444824219e+01,8.741096496582031250e+00,7.096613407135009766e+00,3.018969774246215820e+00,6.744507312774658203e+00,6.044308185577392578e+00,8.447830200195312500e+00,1.276999664306640625e+01,9.895960807800292969e+00,1.052192687988281250e+01,1.111890983581542969e+01
9.040547370910644531e+00,7.853261947631835938e+00,7.257019042968750000e+00,4.226183414459228516e+00,9.853088378906250000e+00,8.516684532165527344e+00,8.410058975219726562e+00,1.297442150115966797e+01,9.066853523254394531e+00,9.773851394653320312e+00,1.121568107604980469e+01
8.853746414184570312e+00,7.764534473419189453e+00,6.381029605865478516e+00,4.502117633819580078e+00,8.610290527343750000e+00,4.753631114959716797e+00,9.610971450805664062e+00,1.059455013275146484e+01,8.718887329101562500e+00,1.013884735107421875e+01,1.181798362731933594e+01
8.793998718261718750e+00,7.515393733978271484e+00,6.235446929931640625e+00,4.182096958160400391e+00,8.813472747802734375e+00,5.750489234924316406e+00,9.511814117431640625e+00,1.017605304718017578e+01,8.821225166320800781e+00,1.032104873657226562e+01,1.179530143737792969e+01
8.976740837097167969e+00,7.198558807373046875e+00,6.931472778320312500e+00,3.832374334335327148e+00,9.216379165649414062e+00,7.031446456909179688e+00,9.121990203857421875e+00,1.221623229980468750e+01,9.129147529602050781e+00,1.003363609313964844e+01,1.136565017700195312e+01
1.152286911010742188e+01,8.910416603088378906e+00,7.064979076385498047e+00,2.760346651077270508e+00,6.321012496948242188e+00,5.892394065856933594e+00,8.273729324340820312e+00,1.235445308685302734e+01,1.000104618072509766e+01,1.056540107727050781e+01,1.097223091125488281e+01
1.149021339416503906e+01,8.784314155578613281e+00,7.105876445770263672e+00,2.768431901931762695e+00,6.235055923461914062e+00,5.848958492279052734e+00,8.354014396667480469e+00,1.253315639495849609e+01,9.980566978454589844e+00,1.055540084838867188e+01,1.086524200439453125e+01
1.106322479248046875e+01,8.900094032287597656e+00,7.286954402923583984e+00,3.368103265762329102e+00,7.589191913604736328e+00,5.885646343231201172e+00,8.501319885253906250e+00,1.279825305938720703e+01,9.916413307189941406e+00,1.062221145629882812e+01,1.163261604309082031e+01
1.122455596923828125e+01,8.784089088439941406e+00,7.220082759857177734e+00,2.929424047470092773e+00,6.902093410491943359e+00,5.985322475433349609e+00,7.893993854522705078e+00,1.240201187133789062e+01,9.760815620422363281e+00,1.042198753356933594e+01,1.123048210144042969e+01
1.094711589813232422e+01,7.992430686950683594e+00,7.309074878692626953e+00,2.923189640045166016e+00,7.175207138061523438e+00,5.434527397155761719e+00,8.446279525756835938e+00,1.229749393463134766e+01,9.400739669799804688e+00,1.020502471923828125e+01,1.138122558593750000e+01
1.107909679412841797e+01,8.217083930969238281e+00,6.885702133178710938e+00,2.729739189147949219e+00,7.142762660980224609e+00,5.511335372924804688e+00,9.084049224853515625e+00,1.206399059295654297e+01,9.426772117614746094e+00,1.013670158386230469e+01,1.126497077941894531e+01
1.064247131347656250e+01,8.778934478759765625e+00,7.436421871185302734e+00,3.739550352096557617e+00,8.215713500976562500e+00,6.043641090393066406e+00,8.802587509155273438e+00,1.293295288085937500e+01,9.455913543701171875e+00,1.057129669189453125e+01,1.180138778686523438e+01
1.066418552398681641e+01,8.734375953674316406e+00,7.282127380371093750e+00,3.362348556518554688e+00,8.490935325622558594e+00,5.890486717224121094e+00,8.759202957153320312e+00,1.264044475555419922e+01,9.540308952331542969e+00,1.043129158020019531e+01,1.173712158203125000e+01
9.061154365539550781e+00,8.035470008850097656e+00,6.414333820343017578e+00,4.385031700134277344e+00,6.734416484832763672e+00,4.708787441253662109e+00,8.700006484985351562e+00,1.142534542083740234e+01,8.236716270446777344e+00,9.773719787597656250e+00,1.194256401062011719e+01
1.136975860595703125e+01,8.900819778442382812e+00,7.057281970977783203e+00,2.920191764831542969e+00,7.306536197662353516e+00,5.900056838989257812e+00,8.679035186767578125e+00,1.268728351593017578e+01,9.743288993835449219e+00,1.059245681762695312e+01,1.138319969177246094e+01
9.058696746826171875e+00,8.865056991577148438e+00,8.017680168151855469e+00,4.662221908569335938e+00,9.840993881225585938e+00,8.765067100524902344e+00,1.031908798217773438e+01,1.305593967437744141e+01,9.596930503845214844e+00,1.028719329833984375e+01,1.219425773620605469e+01
8.953063964843750000e+00,8.925439834594726562e+00,8.105565071105957031e+00,4.932103633880615234e+00,1.050418472290039062e+01,8.743081092834472656e+00,1.083151054382324219e+01,1.295773410797119141e+01,9.714824676513671875e+00,1.026498413085937500e+01,1.218953514099121094e+01
8.895616531372070312e+00,8.925904273986816406e+00,8.820036888122558594e+00,5.045691967010498047e+00,9.781473159790039062e+00,9.043298721313476562e+00,8.502645492553710938e+00,1.219100666046142578e+01,9.657723426818847656e+00,1.047995758056640625e+01,1.216116905212402344e+01
9.568815231323242188e+00,8.442652702331542969e+00,8.482224464416503906e+00,4.117317199707031250e+00,8.812913894653320312e+00,8.348218917846679688e+00,8.990453720092773438e+00,1.167542552947998047e+01,9.442111015319824219e+00,9.882091522216796875e+00,1.152239990234375000e+01
8.912146568298339844e+00,8.954485893249511719e+00,9.240719795227050781e+00,5.119747638702392578e+00,9.262420654296875000e+00,9.237751007080078125e+00,7.640222072601318359e+00,1.183249187469482422e+01,9.654395103454589844e+00,1.043943786621093750e+01,1.208809280395507812e+01
8.700701713562011719e+00,8.820917129516601562e+00,8.991777420043945312e+00,5.114581584930419922e+00,9.888147354125976562e+00,9.193307876586914062e+00,7.976877212524414062e+00,1.201882839202880859e+01,9.658730506896972656e+00,1.052930831909179688e+01,1.214561271667480469e+01
9.085458755493164062e+00,8.646623611450195312e+00,9.090330123901367188e+00,5.179242134094238281e+00,9.255659103393554688e+00,9.090136528015136719e+00,8.207660675048828125e+00,1.182860088348388672e+01,9.755813598632812500e+00,1.020597076416015625e+01,1.188735389709472656e+01
9.032684326171875000e+00,8.693470954895019531e+00,9.450449943542480469e+00,5.472910881042480469e+00,9.065716743469238281e+00,9.456275939941406250e+00,7.541665554046630859e+00,1.158619022369384766e+01,9.771010398864746094e+00,1.036445999145507812e+01,1.201236915588378906e+01
8.754390716552734375e+00,8.776888847351074219e+00,9.359002113342285156e+00,5.410384178161621094e+00,9.402523040771484375e+00,9.499524116516113281e+00,7.233587741851806641e+00,1.165110588073730469e+01,9.787664413452148438e+00,1.056567764282226562e+01,1.218965721130371094e+01
9.080692291259765625e+00,8.705349922180175781e+00,9.363121032714843750e+00,5.228056430816650391e+00,9.138282775878906250e+00,9.473949432373046875e+00,7.547416210174560547e+00,1.164619159698486328e+01,9.566678047180175781e+00,1.016217803955078125e+01,1.192060852050781250e+01
9.069114685058593750e+00,9.150390625000000000e+00,8.052498817443847656e+00,4.925513267517089844e+00,1.091855049133300781e+01,8.869458198547363281e+00,1.143567466735839844e+01,1.307230854034423828e+01,9.485651016235351562e+00,1.032003021240234375e+01,1.229782485961914062e+01
9.529932022094726562e+00,8.837250709533691406e+00,8.075860977172851562e+00,4.270831108093261719e+00,8.945390701293945312e+00,7.921083450317382812e+00,9.471340179443359375e+00,1.282394599914550781e+01,9.160548210144042969e+00,1.054989814758300781e+01,1.222498512268066406e+01
9.638376235961914062e+00,8.913420677185058594e+00,8.019598960876464844e+00,4.228003501892089844e+00,9.080356597900390625e+00,7.965981483459472656e+00,1.005437850952148438e+01,1.268110847473144531e+01,9.310764312744140625e+00,1.064448547363281250e+01,1.228724861145019531e+01
9.024094581604003906e+00,8.698981285095214844e+00,8.754074096679687500e+00,5.089377403259277344e+00,1.025531578063964844e+01,8.853576660156250000e+00,8.649040222167968750e+00,1.249429321289062500e+01,9.669556617736816406e+00,1.042484664916992188e+01,1.217907524108886719e+01
8.810470581054687500e+00,8.751947402954101562e+00,8.897467613220214844e+00,5.419545173645019531e+00,1.032803726196289062e+01,9.108067512512207031e+00,8.018110275268554688e+00,1.260464286804199219e+01,9.728706359863281250e+00,1.055779838562011719e+01,1.243431663513183594e+01
8.845163345336914062e+00,8.683396339416503906e+00,9.495364189147949219e+00,5.569469928741455078e+00,9.439056396484375000e+00,9.412104606628417969e+00,7.392228603363037109e+00,1.170680904388427734e+01,9.829620361328125000e+00,1.033480834960937500e+01,1.202181816101074219e+01
8.904822349548339844e+00,8.389093399047851562e+00,9.144011497497558594e+00,5.423570632934570312e+00,9.767318725585937500e+00,9.181348800659179688e+00,7.670518398284912109e+00,1.198459911346435547e+01,9.676272392272949219e+00,1.007578277587890625e+01,1.179324340820312500e+01
9.207719802856445312e+00,7.964064121246337891e+00,8.273398399353027344e+00,3.981053113937377930e+00,9.263212203979492188e+00,8.461933135986328125e+00,7.760372638702392578e+00,1.184523773193359375e+01,9.151245117187500000e+00,9.591230392456054688e+00,1.130241012573242188e+01
9.575746536254882812e+00,8.708674430847167969e+00,8.412433624267578125e+00,4.654124736785888672e+00,8.956176757812500000e+00,8.353338241577148438e+00,9.158482551574707031e+00,1.214427375793457031e+01,9.853405952453613281e+00,1.080347633361816406e+01,1.237584877014160156e+01
8.909913063049316406e+00,8.460639953613281250e+00,8.891826629638671875e+00,5.248629093170166016e+00,1.020192718505859375e+01,8.989365577697753906e+00,7.867032527923583984e+00,1.231663036346435547e+01,9.771387100219726562e+00,1.034492301940917969e+01,1.221710777282714844e+01
9.054567337036132812e+00,9.127013206481933594e+00,9.375174522399902344e+00,5.001399993896484375e+00,8.007541656494140625e+00,8.918623924255371094e+00,7.251066684722900391e+00,1.117851543426513672e+01,9.629391670227050781e+00,1.049735641479492188e+01,1.190826225280761719e+01
9.660522460937500000e+00,8.732493400573730469e+00,7.795203685760498047e+00,3.468956708908081055e+00,8.184251785278320312e+00,6.994639396667480469e+00,8.617677688598632812e+00,1.213179397583007812e+01,9.016654968261718750e+00,1.018654441833496094e+01,1.182177543640136719e+01
9.396472930908203125e+00,8.392485618591308594e+00,8.206846237182617188e+00,3.535841703414916992e+00,7.468207836151123047e+00,9.069358825683593750e+00,7.918915271759033203e+00,1.282831859588623047e+01,9.288032531738281250e+00,9.865064620971679688e+00,1.134547805786132812e+01
9.367320060729980469e+00,8.699102401733398438e+00,8.969363212585449219e+00,4.401245594024658203e+00,7.797560214996337891e+00,8.260390281677246094e+00,7.385298252105712891e+00,1.132988643646240234e+01,9.474224090576171875e+00,1.040816307067871094e+01,1.179960250854492188e+01
9.401900291442871094e+00,8.376084327697753906e+00,8.209838867187500000e+00,3.626533508300781250e+00,7.696719169616699219e+00,9.169113159179687500e+00,7.810416698455810547e+00,1.268719959259033203e+01,9.231693267822265625e+00,9.993700027465820312e+00,1.146338653564453125e+01
9.321096420288085938e+00,8.400297164916992188e+00,8.248023033142089844e+00,3.685714721679687500e+00,7.702229499816894531e+00,9.009919166564941406e+00,7.920715808868408203e+00,1.258961677551269531e+01,9.221373558044433594e+00,9.939023971557617188e+00,1.146487998962402344e+01
9.359210014343261719e+00,8.311020851135253906e+00,8.250817298889160156e+00,3.682084083557128906e+00,7.757484436035156250e+00,9.243288993835449219e+00,7.828503131866455078e+00,1.264799213409423828e+01,9.218405723571777344e+00,9.824817657470703125e+00,1.131753730773925781e+01
9.344394683837890625e+00,8.803619384765625000e+00,8.844080924987792969e+00,4.396521091461181641e+00,8.477127075195312500e+00,9.086364746093750000e+00,7.728254795074462891e+00,1.179462146759033203e+01,9.293359756469726562e+00,1.017709159851074219e+01,1.156245994567871094e+01
9.274080276489257812e+00,8.333488464355468750e+00,8.373471260070800781e+00,3.824810743331909180e+00,7.949994564056396484e+00,9.260113716125488281e+00,7.878237247467041016e+00,1.240452289581298828e+01,9.192008972167968750e+00,9.833387374877929688e+00,1.140684700012207031e+01
9.299556732177734375e+00,8.467012405395507812e+00,8.712970733642578125e+00,4.131541728973388672e+00,8.444156646728515625e+00,8.891978263854980469e+00,7.990684986114501953e+00,1.192473506927490234e+01,9.313624382019042969e+00,1.002170181274414062e+01,1.162872123718261719e+01
9.153763771057128906e+00,6.580911159515380859e+00,8.084879875183105469e+00,3.894966840744018555e+00,7.856358051300048828e+00,5.653968334197998047e+00,8.152383804321289062e+00,1.228834247589111328e+01,9.651719093322753906e+00,1.096893119812011719e+01,1.183042907714843750e+01
9.647317886352539062e+00,7.658760547637939453e+00,7.929245948791503906e+00,5.200471878051757812e+00,9.259624481201171875e+00,5.427340507507324219e+00,1.036356925964355469e+01,1.304856014251708984e+01,9.027853012084960938e+00,9.963249206542968750e+00,1.151451492309570312e+01
8.662361145019531250e+00,6.825807571411132812e+00,7.978745460510253906e+00,4.555570125579833984e+00,1.150916099548339844e+01,7.446195602416992188e+00,1.099556159973144531e+01,1.262562084197998047e+01,9.840807914733886719e+00,1.111060333251953125e+01,1.177729225158691406e+01
8.846427917480468750e+00,7.918179512023925781e+00,7.945341110229492188e+00,4.539810657501220703e+00,1.207539749145507812e+01,7.563848495483398438e+00,1.140589141845703125e+01,1.307391452789306641e+01,9.801413536071777344e+00,1.097914505004882812e+01,1.230160140991210938e+01
9.071854591369628906e+00,7.169194221496582031e+00,8.399940490722656250e+00,5.097707271575927734e+00,1.109793281555175781e+01,7.394218444824218750e+00,1.132611656188964844e+01,1.276229190826416016e+01,1.006275272369384766e+01,1.105207633972167969e+01,1.204258728027343750e+01
8.884277343750000000e+00,7.093275070190429688e+00,8.232417106628417969e+00,5.053450107574462891e+00,1.178536605834960938e+01,7.376801013946533203e+00,1.120926666259765625e+01,1.291351795196533203e+01,1.006622600555419922e+01,1.121691894531250000e+01,1.222766113281250000e+01
8.990647315979003906e+00,7.299255371093750000e+00,8.150402069091796875e+00,4.882843494415283203e+00,1.134225463867187500e+01,7.199878215789794922e+00,1.108008384704589844e+01,1.263629817962646484e+01,9.886343955993652344e+00,1.098125648498535156e+01,1.196774673461914062e+01
9.316481590270996094e+00,7.308672904968261719e+00,7.810636043548583984e+00,4.523592948913574219e+00,1.101941680908203125e+01,6.812405109405517578e+00,1.109950256347656250e+01,1.273586750030517578e+01,9.582256317138671875e+00,1.060397720336914062e+01,1.171207618713378906e+01
9.791399955749511719e+00,7.697747230529785156e+00,7.286493778228759766e+00,4.759109497070312500e+00,9.829126358032226562e+00,5.518075466156005859e+00,1.072777557373046875e+01,1.278329944610595703e+01,8.854012489318847656e+00,1.003257369995117188e+01,1.169135856628417969e+01
1.088051700592041016e+01,6.611519336700439453e+00,6.213313579559326172e+00,2.093041896820068359e+00,7.193421840667724609e+00,4.872632503509521484e+00,9.420064926147460938e+00,1.124732303619384766e+01,8.532766342163085938e+00,9.414703369140625000e+00,1.054266166687011719e+01
9.268747329711914062e+00,8.059337615966796875e+00,7.515005111694335938e+00,5.681504726409912109e+00,7.325321674346923828e+00,5.943851947784423828e+00,1.051095390319824219e+01,1.340282440185546875e+01,8.968629837036132812e+00,1.119041442871093750e+01,1.207334899902343750e+01
9.231669425964355469e+00,7.934030532836914062e+00,7.574355602264404297e+00,5.557598114013671875e+00,7.242614269256591797e+00,6.019536972045898438e+00,1.071725654602050781e+01,1.335704135894775391e+01,9.042682647705078125e+00,1.112524986267089844e+01,1.190152359008789062e+01
9.223925590515136719e+00,8.281538009643554688e+00,7.527132511138916016e+00,5.712414741516113281e+00,7.328512191772460938e+00,5.948272705078125000e+00,1.034589195251464844e+01,1.346930694580078125e+01,9.072737693786621094e+00,1.126307487487792969e+01,1.222278976440429688e+01
9.320475578308105469e+00,8.229441642761230469e+00,7.577139377593994141e+00,5.590245723724365234e+00,7.653718471527099609e+00,6.019202232360839844e+00,1.074710845947265625e+01,1.335946559906005859e+01,9.072313308715820312e+00,1.114779090881347656e+01,1.209765815734863281e+01
9.212652206420898438e+00,8.534329414367675781e+00,8.002603530883789062e+00,5.686878204345703125e+00,8.628154754638671875e+00,6.928657531738281250e+00,1.118907928466796875e+01,1.333898067474365234e+01,9.502827644348144531e+00,1.134071350097656250e+01,1.229942131042480469e+01
8.891963958740234375e+00,7.951910972595214844e+00,7.570700168609619141e+00,5.534591197967529297e+00,7.014326572418212891e+00,5.804318428039550781e+00,1.063665580749511719e+01,1.320494651794433594e+01,9.033749580383300781e+00,1.065172958374023438e+01,1.170427894592285156e+01
8.978503227233886719e+00,7.766160011291503906e+00,7.523844242095947266e+00,5.540674209594726562e+00,7.038341999053955078e+00,5.716257572174072266e+00,1.067030525207519531e+01,1.311821842193603516e+01,9.047591209411621094e+00,1.071926307678222656e+01,1.169226074218750000e+01
9.165289878845214844e+00,8.180126190185546875e+00,7.390338420867919922e+00,5.691686630249023438e+00,7.293734073638916016e+00,5.809166908264160156e+00,1.032232284545898438e+01,1.336506557464599609e+01,8.909672737121582031e+00,1.105090522766113281e+01,1.200032997131347656e+01
9.299463272094726562e+00,8.092179298400878906e+00,7.487844467163085938e+00,5.697626590728759766e+00,7.323341369628906250e+00,6.055909156799316406e+00,1.025171279907226562e+01,1.344693851470947266e+01,9.024805068969726562e+00,1.148960685729980469e+01,1.223144340515136719e+01
9.193496704101562500e+00,8.129445075988769531e+00,7.529230117797851562e+00,5.540556430816650391e+00,8.501884460449218750e+00,6.154591560363769531e+00,1.117749023437500000e+01,1.325296306610107422e+01,9.157937049865722656e+00,1.126871681213378906e+01,1.201809501647949219e+01
9.609000205993652344e+00,7.861220836639404297e+00,7.221066951751708984e+00,5.354712963104248047e+00,6.852129459381103516e+00,6.071705818176269531e+00,9.872970581054687500e+00,1.344673442840576172e+01,8.806676864624023438e+00,1.130144309997558594e+01,1.208210563659667969e+01
9.631055831909179688e+00,8.336133003234863281e+00,7.559327125549316406e+00,5.369650363922119141e+00,7.364648342132568359e+00,6.812002182006835938e+00,1.007004165649414062e+01,1.356082057952880859e+01,9.107939720153808594e+00,1.136574935913085938e+01,1.213301086425781250e+01
9.645200729370117188e+00,8.454102516174316406e+00,7.598378658294677734e+00,5.250412464141845703e+00,7.271475315093994141e+00,6.984179019927978516e+00,9.933805465698242188e+00,1.350130939483642578e+01,9.112212181091308594e+00,1.123720359802246094e+01,1.198007392883300781e+01
9.687433242797851562e+00,8.396936416625976562e+00,7.383176803588867188e+00,5.043281078338623047e+00,6.948112964630126953e+00,6.393332958221435547e+00,9.770429611206054688e+00,1.347420120239257812e+01,8.968748092651367188e+00,1.118774032592773438e+01,1.192727661132812500e+01
9.628949165344238281e+00,8.368902206420898438e+00,7.422970294952392578e+00,5.304511070251464844e+00,7.189173221588134766e+00,6.530756950378417969e+00,9.932920455932617188e+00,1.357533359527587891e+01,9.031749725341796875e+00,1.133261108398437500e+01,1.213924407958984375e+01
9.704113006591796875e+00,8.290602684020996094e+00,7.261368274688720703e+00,5.317768096923828125e+00,6.940649509429931641e+00,6.438309669494628906e+00,9.487779617309570312e+00,1.343797016143798828e+01,8.984893798828125000e+00,1.127783775329589844e+01,1.205444145202636719e+01
9.548737525939941406e+00,8.543776512145996094e+00,7.806609630584716797e+00,5.448238849639892578e+00,7.476089000701904297e+00,7.524771690368652344e+00,9.873146057128906250e+00,1.328355789184570312e+01,9.276804924011230469e+00,1.118743705749511719e+01,1.188197135925292969e+01
9.580209732055664062e+00,8.505937576293945312e+00,7.562370777130126953e+00,5.429529666900634766e+00,7.274414539337158203e+00,6.908339500427246094e+00,9.769670486450195312e+00,1.349166774749755859e+01,9.051831245422363281e+00,1.136422538757324219e+01,1.214066505432128906e+01
9.619151115417480469e+00,8.538203239440917969e+00,7.695584297180175781e+00,5.320204257965087891e+00,7.393870830535888672e+00,7.336437225341796875e+00,9.831403732299804688e+00,1.338625717163085938e+01,9.227356910705566406e+00,1.119536972045898438e+01,1.190924644470214844e+01
9.714131355285644531e+00,8.465098381042480469e+00,7.387349605560302734e+00,5.254681110382080078e+00,7.085537433624267578e+00,6.553794384002685547e+00,9.836549758911132812e+00,1.355448818206787109e+01,9.019556999206542969e+00,1.127398490905761719e+01,1.205554580688476562e+01
9.214521408081054688e+00,8.312113761901855469e+00,7.857606887817382812e+00,4.789983272552490234e+00,1.020458221435546875e+01,7.380795001983642578e+00,9.298860549926757812e+00,1.314162731170654297e+01,9.232913970947265625e+00,1.061639785766601562e+01,1.172358703613281250e+01
8.884731292724609375e+00,8.444929122924804688e+00,8.188974380493164062e+00,5.086375713348388672e+00,1.073069953918457031e+01,8.117619514465332031e+00,8.903612136840820312e+00,1.291241359710693359e+01,9.463788986206054688e+00,1.046772956848144531e+01,1.165584373474121094e+01
9.036752700805664062e+00,8.703790664672851562e+00,8.027115821838378906e+00,4.937274456024169922e+00,1.054967308044433594e+01,7.898877143859863281e+00,8.716113090515136719e+00,1.256449031829833984e+01,9.193267822265625000e+00,1.013594818115234375e+01,1.134476470947265625e+01
9.006321907043457031e+00,8.663079261779785156e+00,8.340608596801757812e+00,5.482194900512695312e+00,1.084902381896972656e+01,8.521125793457031250e+00,9.690973281860351562e+00,1.299386501312255859e+01,9.587750434875488281e+00,1.049039459228515625e+01,1.178824424743652344e+01
8.831694602966308594e+00,8.844750404357910156e+00,8.400300979614257812e+00,5.675632953643798828e+00,1.063180732727050781e+01,8.714832305908203125e+00,8.775550842285156250e+00,1.281907558441162109e+01,9.566534996032714844e+00,1.046339988708496094e+01,1.164650154113769531e+01
8.627326011657714844e+00,8.836136817932128906e+00,8.540052413940429688e+00,5.243482589721679688e+00,9.833383560180664062e+00,8.912944793701171875e+00,7.636812686920166016e+00,1.236207294464111328e+01,9.386624336242675781e+00,1.027540397644042969e+01,1.137748908996582031e+01
8.790856361389160156e+00,8.787492752075195312e+00,8.436834335327148438e+00,5.358819007873535156e+00,1.018361854553222656e+01,8.706262588500976562e+00,8.080902099609375000e+00,1.252526378631591797e+01,9.399392127990722656e+00,1.028116035461425781e+01,1.137840461730957031e+01
8.796400070190429688e+00,8.713009834289550781e+00,8.381830215454101562e+00,5.260873317718505859e+00,9.903194427490234375e+00,8.604894638061523438e+00,7.753227233886718750e+00,1.232912921905517578e+01,9.281897544860839844e+00,1.011597061157226562e+01,1.122306823730468750e+01
8.954967498779296875e+00,8.622449874877929688e+00,8.170290946960449219e+00,5.213159084320068359e+00,1.004854393005371094e+01,8.179473876953125000e+00,7.512930393218994141e+00,1.225086688995361328e+01,9.117681503295898438e+00,9.931127548217773438e+00,1.096113204956054688e+01
8.943491935729980469e+00,8.849954605102539062e+00,8.449469566345214844e+00,5.464855194091796875e+00,1.033681297302246094e+01,8.682499885559082031e+00,8.697771072387695312e+00,1.271637248992919922e+01,9.480686187744140625e+00,1.034959411621093750e+01,1.149634361267089844e+01
