-4.051575660705566406e+00,-7.777524948120117188e+00,-1.141034030914306641e+01,-4.711310386657714844e+00,-7.640871047973632812e+00,-4.531070709228515625e+00,-4.304335594177246094e+00,-3.824315071105957031e+00
-3.791897773742675781e+00,-7.203715324401855469e+00,-1.043932533264160156e+01,-2.481581687927246094e+00,-6.678537845611572266e+00,-1.539327859878540039e+00,-3.733001708984375000e+00,-4.326074123382568359e+00
-4.121068954467773438e+00,-7.781810283660888672e+00,-1.140277290344238281e+01,-4.613407611846923828e+00,-7.634209156036376953e+00,-4.514186859130859375e+00,-4.348856925964355469e+00,-3.862941265106201172e+00
-4.101956367492675781e+00,-7.803637504577636719e+00,-1.139715957641601562e+01,-4.655236244201660156e+00,-7.587782382965087891e+00,-4.558112144470214844e+00,-4.345834732055664062e+00,-3.865118980407714844e+00
-4.128215789794921875e+00,-7.797992229461669922e+00,-1.130113124847412109e+01,-4.713525772094726562e+00,-7.564270019531250000e+00,-4.622191429138183594e+00,-4.242410182952880859e+00,-3.956475257873535156e+00
-4.102607727050781250e+00,-7.771464347839355469e+00,-1.140460777282714844e+01,-4.640982627868652344e+00,-7.576977729797363281e+00,-4.535083770751953125e+00,-4.355129241943359375e+00,-3.842960834503173828e+00
-4.094423770904541016e+00,-7.776847362518310547e+00,-1.136475563049316406e+01,-4.649088859558105469e+00,-7.578488826751708984e+00,-4.562158584594726562e+00,-4.366118431091308594e+00,-3.840292692184448242e+00
-4.093118667602539062e+00,-6.818833351135253906e+00,-1.021027660369873047e+01,-4.616273880004882812e+00,-7.556629180908203125e+00,-4.809040069580078125e+00,-4.410115242004394531e+00,-4.770662307739257812e+00
-3.985216379165649414e+00,-7.211563587188720703e+00,-1.111086463928222656e+01,-4.443103790283203125e+00,-7.130969524383544922e+00,-5.069528579711914062e+00,-4.302720546722412109e+00,-4.058278560638427734e+00
-3.480827569961547852e+00,-6.355457305908203125e+00,-1.114812660217285156e+01,-3.646356105804443359e+00,-6.100628376007080078e+00,-4.826642990112304688e+00,-4.448134422302246094e+00,-4.702123165130615234e+00
-3.365574359893798828e+00,-7.689935684204101562e+00,-1.103284454345703125e+01,-4.206373691558837891e+00,-7.128060340881347656e+00,-5.143680572509765625e+00,-4.924952030181884766e+00,-4.512408256530761719e+00
-3.645683050155639648e+00,-7.552242755889892578e+00,-1.068851757049560547e+01,-3.091475486755371094e+00,-6.273828029632568359e+00,-2.494435787200927734e+00,-4.082131862640380859e+00,-3.720563888549804688e+00
-4.120656967163085938e+00,-7.816645622253417969e+00,-1.144462680816650391e+01,-4.663761615753173828e+00,-7.616881370544433594e+00,-4.556612014770507812e+00,-4.347387313842773438e+00,-3.850252151489257812e+00
-4.634096145629882812e+00,-6.419591903686523438e+00,-1.034130096435546875e+01,-1.771413564682006836e+00,-8.725760459899902344e+00,-1.384315490722656250e+00,-2.504595279693603516e+00,-4.730466365814208984e+00
-4.507989883422851562e+00,-7.446888923645019531e+00,-1.161155128479003906e+01,-4.896356582641601562e+00,-7.383031845092773438e+00,-1.865585923194885254e+00,-4.304614543914794922e+00,-4.170150756835937500e+00
-3.415272474288940430e+00,-7.331679344177246094e+00,-1.039429569244384766e+01,-5.031745910644531250e+00,-7.046750068664550781e+00,-5.238688468933105469e+00,-4.579450607299804688e+00,-4.255533695220947266e+00
-3.576058149337768555e+00,-7.629406929016113281e+00,-1.127022743225097656e+01,-4.374488830566406250e+00,-7.488956928253173828e+00,-4.626836776733398438e+00,-4.389632701873779297e+00,-2.945661544799804688e+00
-2.633251190185546875e+00,-7.278203964233398438e+00,-9.825607299804687500e+00,-2.528948307037353516e+00,-5.923201084136962891e+00,-2.638405561447143555e+00,-3.513579845428466797e+00,-4.071540832519531250e+00
-4.082097053527832031e+00,-7.779103755950927734e+00,-1.139649105072021484e+01,-4.606847763061523438e+00,-7.568059921264648438e+00,-4.537727355957031250e+00,-4.399863243103027344e+00,-3.851487159729003906e+00
-4.734084129333496094e+00,-6.349327564239501953e+00,-1.085127544403076172e+01,-1.784463644027709961e+00,-9.350387573242187500e+00,-1.337134599685668945e+00,-2.606611728668212891e+00,-4.856355190277099609e+00
-4.124243736267089844e+00,-7.822834968566894531e+00,-1.137924480438232422e+01,-4.660672187805175781e+00,-7.665572166442871094e+00,-4.573195457458496094e+00,-4.332975387573242188e+00,-3.901499271392822266e+00
-4.102763175964355469e+00,-7.785091400146484375e+00,-1.139510154724121094e+01,-4.581538200378417969e+00,-7.686161041259765625e+00,-4.513284683227539062e+00,-4.381014823913574219e+00,-3.841689586639404297e+00
-4.236577033996582031e+00,-7.362407684326171875e+00,-1.051025295257568359e+01,-4.710062503814697266e+00,-7.400242805480957031e+00,-4.688941001892089844e+00,-3.967594861984252930e+00,-4.610082626342773438e+00
-4.122782230377197266e+00,-7.790337562561035156e+00,-1.137799835205078125e+01,-4.651533603668212891e+00,-7.665359497070312500e+00,-4.533079147338867188e+00,-4.303402900695800781e+00,-3.856969356536865234e+00
-2.576312065124511719e+00,-6.719196319580078125e+00,-9.234545707702636719e+00,-2.570522546768188477e+00,-6.467930793762207031e+00,-2.923435688018798828e+00,-3.568513870239257812e+00,-4.516564369201660156e+00
-3.109421730041503906e+00,-6.251470565795898438e+00,-1.005937767028808594e+01,-2.296380758285522461e+00,-6.971178531646728516e+00,-1.563305020332336426e+00,-3.311767101287841797e+00,-4.555843353271484375e+00
-4.510997772216796875e+00,-6.638751506805419922e+00,-1.099979877471923828e+01,-3.484692811965942383e+00,-7.816071510314941406e+00,-1.295307636260986328e+00,-3.209049224853515625e+00,-4.352094173431396484e+00
-4.056732177734375000e+00,-7.676852226257324219e+00,-1.143978214263916016e+01,-4.497180461883544922e+00,-7.516267299652099609e+00,-4.616794586181640625e+00,-4.473031520843505859e+00,-3.862137794494628906e+00
-3.967877864837646484e+00,-7.827798366546630859e+00,-1.133666229248046875e+01,-4.459054946899414062e+00,-7.404412746429443359e+00,-4.269173622131347656e+00,-4.279058456420898438e+00,-3.919350624084472656e+00
-4.314816474914550781e+00,-7.228641986846923828e+00,-9.823553085327148438e+00,-5.504882812500000000e+00,-8.017113685607910156e+00,-5.051799297332763672e+00,-3.851906061172485352e+00,-4.961792945861816406e+00
-3.943933963775634766e+00,-7.740520477294921875e+00,-1.130097007751464844e+01,-4.638258457183837891e+00,-7.628558158874511719e+00,-4.515738487243652344e+00,-4.255120754241943359e+00,-3.698077201843261719e+00
-4.312006950378417969e+00,-7.283028125762939453e+00,-9.880246162414550781e+00,-5.496606826782226562e+00,-8.048700332641601562e+00,-5.073099136352539062e+00,-3.862239122390747070e+00,-4.953446865081787109e+00
-2.852250099182128906e+00,-6.651886940002441406e+00,-9.797847747802734375e+00,-2.644501924514770508e+00,-5.824785232543945312e+00,-3.485574722290039062e+00,-3.494908571243286133e+00,-4.341958045959472656e+00
-2.565303564071655273e+00,-7.188966274261474609e+00,-9.034801483154296875e+00,-3.557349443435668945e+00,-6.958209991455078125e+00,-4.159993648529052734e+00,-3.744564771652221680e+00,-4.056945800781250000e+00
-4.314693450927734375e+00,-7.252603530883789062e+00,-9.772504806518554688e+00,-5.513407230377197266e+00,-8.017593383789062500e+00,-5.128048896789550781e+00,-3.864787578582763672e+00,-4.986078262329101562e+00
-2.719226837158203125e+00,-7.176521301269531250e+00,-9.115301132202148438e+00,-3.628535985946655273e+00,-6.870701313018798828e+00,-4.204279899597167969e+00,-3.660705566406250000e+00,-4.057669639587402344e+00
-4.352461814880371094e+00,-7.418942451477050781e+00,-1.143107700347900391e+01,-5.651864051818847656e+00,-6.736754894256591797e+00,-5.430008888244628906e+00,-5.817969322204589844e+00,-5.467387199401855469e+00
-2.529016017913818359e+00,-7.126870155334472656e+00,-9.104088783264160156e+00,-3.545122623443603516e+00,-6.944437026977539062e+00,-4.135390758514404297e+00,-3.639006137847900391e+00,-3.935426235198974609e+00
-2.708018064498901367e+00,-7.112013816833496094e+00,-9.303966522216796875e+00,-3.428702592849731445e+00,-6.811342239379882812e+00,-3.900206089019775391e+00,-3.458963155746459961e+00,-3.991177082061767578e+00
-4.112350940704345703e+00,-7.812405109405517578e+00,-1.138536739349365234e+01,-4.641961574554443359e+00,-7.649106979370117188e+00,-4.574399948120117188e+00,-4.328887939453125000e+00,-3.874249458312988281e+00
-2.712731838226318359e+00,-7.160780906677246094e+00,-9.657966613769531250e+00,-2.931488037109375000e+00,-5.971692562103271484e+00,-3.333415508270263672e+00,-3.694007635116577148e+00,-4.177883625030517578e+00
-4.304761886596679688e+00,-7.559298515319824219e+00,-1.046504974365234375e+01,-5.070464134216308594e+00,-7.860383510589599609e+00,-4.901560783386230469e+00,-3.894297838211059570e+00,-4.735819816589355469e+00
-4.143551349639892578e+00,-7.802054405212402344e+00,-1.140510940551757812e+01,-4.616298198699951172e+00,-7.661564826965332031e+00,-4.532240867614746094e+00,-4.384346485137939453e+00,-3.829481124877929688e+00
-4.888127326965332031e+00,-6.240497112274169922e+00,-1.079383659362792969e+01,-2.209804534912109375e+00,-8.014679908752441406e+00,-1.293411970138549805e+00,-2.800794124603271484e+00,-4.637781143188476562e+00
-4.099303245544433594e+00,-7.793895244598388672e+00,-1.137741851806640625e+01,-4.643109798431396484e+00,-7.611858844757080078e+00,-4.573184967041015625e+00,-4.337826728820800781e+00,-3.859094142913818359e+00
-3.990294933319091797e+00,-7.905385494232177734e+00,-1.129150867462158203e+01,-4.456633090972900391e+00,-7.480830192565917969e+00,-4.259915351867675781e+00,-4.454175472259521484e+00,-3.922113895416259766e+00
-2.819077491760253906e+00,-6.770767211914062500e+00,-8.759114265441894531e+00,-3.749478101730346680e+00,-7.120151996612548828e+00,-2.088860273361206055e+00,-3.355333089828491211e+00,-4.387869358062744141e+00
-2.473378658294677734e+00,-7.062823295593261719e+00,-9.430307388305664062e+00,-3.585514783859252930e+00,-6.961225032806396484e+00,-4.094482421875000000e+00,-3.595516443252563477e+00,-3.961059570312500000e+00
-3.929523944854736328e+00,-7.140196323394775391e+00,-1.164569473266601562e+01,-4.720047473907470703e+00,-6.592772483825683594e+00,-5.116518974304199219e+00,-5.321719169616699219e+00,-5.025240421295166016e+00
-4.130639553070068359e+00,-7.598665237426757812e+00,-1.089341926574707031e+01,-4.812393188476562500e+00,-7.558728218078613281e+00,-4.947206974029541016e+00,-3.955929517745971680e+00,-4.524181842803955078e+00
-2.382867336273193359e+00,-6.934697628021240234e+00,-9.526639938354492188e+00,-2.458360433578491211e+00,-5.812807083129882812e+00,-2.514193773269653320e+00,-3.332119464874267578e+00,-3.883854389190673828e+00
-4.050843715667724609e+00,-7.767798423767089844e+00,-1.168271446228027344e+01,-4.582028388977050781e+00,-8.035797119140625000e+00,-4.487216472625732422e+00,-4.169832706451416016e+00,-4.281685352325439453e+00
-3.364741325378417969e+00,-7.929132461547851562e+00,-9.752622604370117188e+00,-4.547665119171142578e+00,-6.938626289367675781e+00,-7.817930221557617188e+00,-5.329895019531250000e+00,-5.376929283142089844e+00
-2.698726654052734375e+00,-7.341628074645996094e+00,-9.838004112243652344e+00,-2.574697017669677734e+00,-5.921160221099853516e+00,-2.607651710510253906e+00,-3.658004522323608398e+00,-4.015460968017578125e+00
-3.629769086837768555e+00,-7.299340724945068359e+00,-9.878180503845214844e+00,-3.004592657089233398e+00,-6.403962612152099609e+00,-2.646013736724853516e+00,-4.568811416625976562e+00,-3.311147928237915039e+00
-2.135327577590942383e+00,-6.748895645141601562e+00,-9.310579299926757812e+00,-2.625487804412841797e+00,-5.765842914581298828e+00,-3.270172834396362305e+00,-2.771826028823852539e+00,-3.542881965637207031e+00
-1.152532339096069336e+00,-6.476319313049316406e+00,-7.720335960388183594e+00,-1.929103612899780273e+00,-5.663064956665039062e+00,-3.362368822097778320e+00,-1.927918791770935059e+00,-3.012072563171386719e+00
-8.852832913398742676e-01,-6.803744792938232422e+00,-8.982610702514648438e+00,-2.548175811767578125e+00,-6.600866317749023438e+00,-1.767011165618896484e+00,-2.992395877838134766e+00,-3.055079460144042969e+00
-1.671964883804321289e+00,-7.482169151306152344e+00,-7.971598625183105469e+00,-3.026328086853027344e+00,-6.224771976470947266e+00,-2.377265930175781250e+00,-4.198663711547851562e+00,-2.663762569427490234e+00
-3.745461463928222656e+00,-7.340697288513183594e+00,-1.057776260375976562e+01,-2.799871921539306641e+00,-7.402678012847900391e+00,-3.403626918792724609e+00,-3.563616991043090820e+00,-4.319506645202636719e+00
-4.575527191162109375e+00,-6.470549583435058594e+00,-1.029113769531250000e+01,-1.735957145690917969e+00,-8.914652824401855469e+00,-1.545991659164428711e+00,-2.378088474273681641e+00,-4.670915603637695312e+00
-4.399444103240966797e+00,-8.040475845336914062e+00,-1.053620910644531250e+01,-5.455277442932128906e+00,-9.057188987731933594e+00,-4.631960868835449219e+00,-5.328234672546386719e+00,-3.047395229339599609e+00
-1.107817411422729492e+00,-6.826838970184326172e+00,-8.734878540039062500e+00,-2.605831623077392578e+00,-5.959074974060058594e+00,-2.045187234878540039e+00,-3.239364624023437500e+00,-3.260208129882812500e+00
-1.104328870773315430e+00,-6.391944408416748047e+00,-7.808960914611816406e+00,-1.826365709304809570e+00,-5.593486309051513672e+00,-3.298809528350830078e+00,-1.678716897964477539e+00,-2.791612148284912109e+00
-4.206214904785156250e+00,-8.187759399414062500e+00,-1.076610279083251953e+01,-5.503943443298339844e+00,-9.291671752929687500e+00,-4.341896057128906250e+00,-5.337031841278076172e+00,-2.998885631561279297e+00
-4.409793853759765625e+00,-8.071544647216796875e+00,-1.002069568634033203e+01,-5.588061332702636719e+00,-9.250022888183593750e+00,-4.431648731231689453e+00,-5.204766273498535156e+00,-3.173598289489746094e+00
-4.163640975952148438e+00,-8.127206802368164062e+00,-1.026130771636962891e+01,-5.635669231414794922e+00,-9.011432647705078125e+00,-4.488595962524414062e+00,-5.720097541809082031e+00,-2.976529121398925781e+00
-2.557462930679321289e+00,-7.197562694549560547e+00,-9.630462646484375000e+00,-2.508777856826782227e+00,-5.846560478210449219e+00,-2.601173162460327148e+00,-3.461355686187744141e+00,-4.013939857482910156e+00
-3.882754802703857422e+00,-7.314316272735595703e+00,-1.076380062103271484e+01,-2.820235490798950195e+00,-6.546774864196777344e+00,-1.725008487701416016e+00,-3.959841251373291016e+00,-3.998363018035888672e+00
-4.123717308044433594e+00,-7.593691825866699219e+00,-1.105752372741699219e+01,-4.992665290832519531e+00,-7.657065868377685547e+00,-3.321376800537109375e+00,-4.521394729614257812e+00,-3.504106521606445312e+00
-1.836052417755126953e+00,-7.265981674194335938e+00,-8.676565170288085938e+00,-2.787332057952880859e+00,-5.977984428405761719e+00,-3.551941871643066406e+00,-3.337994098663330078e+00,-2.848058700561523438e+00
-2.596004009246826172e+00,-7.403023719787597656e+00,-9.474981307983398438e+00,-2.877009868621826172e+00,-7.097583770751953125e+00,-1.925729036331176758e+00,-3.761052846908569336e+00,-3.607269763946533203e+00
-2.040204048156738281e+00,-7.255350589752197266e+00,-9.379613876342773438e+00,-3.196810722351074219e+00,-7.419796466827392578e+00,-2.576613426208496094e+00,-3.953227758407592773e+00,-3.751480340957641602e+00
-1.310446143150329590e+00,-7.353081703186035156e+00,-8.464716911315917969e+00,-2.688477039337158203e+00,-5.906313419342041016e+00,-2.125527858734130859e+00,-3.324621677398681641e+00,-3.242733478546142578e+00
-7.477677464485168457e-01,-6.594210624694824219e+00,-8.000887870788574219e+00,-2.268707752227783203e+00,-5.932771682739257812e+00,-2.393074512481689453e+00,-2.408636808395385742e+00,-3.097116947174072266e+00
-4.144563674926757812e+00,-8.322938919067382812e+00,-1.077653312683105469e+01,-4.034775257110595703e+00,-6.722700119018554688e+00,-1.662926435470581055e+00,-4.518357753753662109e+00,-3.701711654663085938e+00
-4.675655841827392578e+00,-8.319315910339355469e+00,-1.051260471343994141e+01,-4.200484275817871094e+00,-6.837073802947998047e+00,-1.537487745285034180e+00,-4.740984916687011719e+00,-3.373739719390869141e+00
-2.871438980102539062e+00,-8.275487899780273438e+00,-9.635693550109863281e+00,-5.024459838867187500e+00,-8.639184951782226562e+00,-5.592367172241210938e+00,-6.455981254577636719e+00,-3.940696239471435547e+00
-5.302945375442504883e-01,-5.513350009918212891e+00,-5.513975620269775391e+00,-4.582487106323242188e+00,-7.995970249176025391e+00,-1.232890605926513672e+00,-3.213307380676269531e+00,-3.206777572631835938e+00
-1.312875390052795410e+00,-6.491595745086669922e+00,-8.650358200073242188e+00,-3.462845325469970703e+00,-9.108032226562500000e+00,-1.244116067886352539e+00,-2.320483207702636719e+00,-4.004702568054199219e+00
-1.817224502563476562e+00,-7.571592807769775391e+00,-8.205304145812988281e+00,-3.040800571441650391e+00,-6.231814384460449219e+00,-2.444052457809448242e+00,-4.231716632843017578e+00,-2.888216972351074219e+00
-1.211018800735473633e+00,-6.558250904083251953e+00,-7.675522804260253906e+00,-1.967293024063110352e+00,-5.703199863433837891e+00,-3.339016914367675781e+00,-2.100255012512207031e+00,-3.133461475372314453e+00
-2.866102933883666992e+00,-6.939866542816162109e+00,-9.323791503906250000e+00,-4.849571704864501953e+00,-8.545033454895019531e+00,-2.063450813293457031e+00,-2.973885297775268555e+00,-3.768267631530761719e+00
-1.420917749404907227e+00,-5.999270439147949219e+00,-8.166919708251953125e+00,-4.315177917480468750e+00,-1.027364921569824219e+01,-1.544214963912963867e+00,-3.163510799407958984e+00,-4.501322269439697266e+00
-2.131082057952880859e+00,-7.898479461669921875e+00,-8.795594215393066406e+00,-3.196714878082275391e+00,-6.372292995452880859e+00,-2.412204742431640625e+00,-4.342905998229980469e+00,-2.922275543212890625e+00
-1.828655004501342773e+00,-7.026108741760253906e+00,-1.022010707855224609e+01,-6.166666030883789062e+00,-9.696739196777343750e+00,-9.310491561889648438e+00,-1.064792633056640625e+01,-8.638219833374023438e+00
-1.773564815521240234e+00,-7.434641838073730469e+00,-8.023675918579101562e+00,-3.054465770721435547e+00,-6.274481773376464844e+00,-2.434184789657592773e+00,-4.296626091003417969e+00,-2.772059917449951172e+00
-2.733534336090087891e+00,-7.245127677917480469e+00,-9.684478759765625000e+00,-2.779677867889404297e+00,-5.867195606231689453e+00,-2.122080087661743164e+00,-3.509885072708129883e+00,-3.638318538665771484e+00
-8.622675538063049316e-01,-6.194453716278076172e+00,-7.400236129760742188e+00,-1.807138323783874512e+00,-5.637900352478027344e+00,-3.323441743850708008e+00,-1.584473729133605957e+00,-2.806408882141113281e+00
-4.059774875640869141e+00,-7.591797828674316406e+00,-1.136583232879638672e+01,-4.652472496032714844e+00,-7.718518733978271484e+00,-4.398277759552001953e+00,-4.081008434295654297e+00,-4.129079818725585938e+00
-2.536041259765625000e+00,-7.141167163848876953e+00,-8.986728668212890625e+00,-3.424628496170043945e+00,-6.396208763122558594e+00,-3.746968269348144531e+00,-3.541456222534179688e+00,-3.994471549987792969e+00
-4.567663669586181641e+00,-7.005055427551269531e+00,-1.103953361511230469e+01,-5.653058528900146484e+00,-1.037777996063232422e+01,-2.918030977249145508e+00,-5.519619941711425781e+00,-4.419106483459472656e+00
-1.654011249542236328e+00,-6.896300315856933594e+00,-9.070129394531250000e+00,-5.434363365173339844e+00,-8.698124885559082031e+00,-5.687065124511718750e+00,-6.815472602844238281e+00,-2.780992031097412109e+00
-1.171118736267089844e+00,-6.918637752532958984e+00,-8.947872161865234375e+00,-2.402013301849365234e+00,-5.677054405212402344e+00,-2.281515598297119141e+00,-2.892133235931396484e+00,-3.256068229675292969e+00
1.151157855987548828e+00,-6.660513401031494141e+00,-1.279593467712402344e+00,-3.590783357620239258e+00,-8.955102920532226562e+00,-4.517113685607910156e+00,-5.256476402282714844e+00,-2.209205865859985352e+00
-2.082378387451171875e+00,-6.328660488128662109e+00,-9.717643737792968750e+00,-3.416249513626098633e+00,-9.482229232788085938e+00,-1.449598073959350586e+00,-2.500703096389770508e+00,-4.569824218750000000e+00
-1.403852105140686035e+00,-7.367076873779296875e+00,-9.489421844482421875e+00,-2.735716581344604492e+00,-6.339717864990234375e+00,-1.979756355285644531e+00,-3.704005241394042969e+00,-3.209012985229492188e+00
-1.830224514007568359e+00,-6.409272193908691406e+00,-8.655742645263671875e+00,-2.468644618988037109e+00,-7.379441261291503906e+00,-1.822207808494567871e+00,-2.747122049331665039e+00,-3.762627124786376953e+00
-1.757761240005493164e+00,-7.115261077880859375e+00,-9.246002197265625000e+00,-3.696079969406127930e+00,-8.988394737243652344e+00,-3.039527893066406250e+00,-4.015862464904785156e+00,-3.833394289016723633e+00
-3.601379156112670898e+00,-6.515697479248046875e+00,-9.786540985107421875e+00,-5.636305809020996094e+00,-1.024772834777832031e+01,-3.861072540283203125e+00,-3.211459398269653320e+00,-4.538520812988281250e+00
-1.951737403869628906e+00,-5.828267574310302734e+00,-6.751077651977539062e+00,-5.323019027709960938e+00,-8.704093933105468750e+00,-5.662227630615234375e+00,-6.600919723510742188e+00,-3.325213909149169922e+00
-1.371396541595458984e+00,-6.740544795989990234e+00,-8.232690811157226562e+00,-2.415726423263549805e+00,-5.620283603668212891e+00,-2.678314685821533203e+00,-2.873729467391967773e+00,-2.998580455780029297e+00
-1.153625488281250000e+00,-6.455991268157958984e+00,-7.802728652954101562e+00,-1.873304128646850586e+00,-5.619261264801025391e+00,-3.358275175094604492e+00,-1.787278652191162109e+00,-2.880738735198974609e+00
-1.471553683280944824e+00,-6.413103580474853516e+00,-8.753822326660156250e+00,-2.149386167526245117e+00,-9.291275978088378906e+00,-1.677578687667846680e+00,-2.782642841339111328e+00,-3.920830726623535156e+00
-5.046157360076904297e+00,-7.779248237609863281e+00,-1.193590736389160156e+01,-5.474318027496337891e+00,-6.735492229461669922e+00,-6.507115364074707031e+00,-6.790947437286376953e+00,-6.007460594177246094e+00
-4.280450344085693359e+00,-6.586025238037109375e+00,-1.066555118560791016e+01,-2.135173797607421875e+00,-8.754657745361328125e+00,-1.771363496780395508e+00,-2.658916711807250977e+00,-4.605544567108154297e+00
-4.097004413604736328e+00,-7.797995567321777344e+00,-1.136270046234130859e+01,-4.686009407043457031e+00,-7.565988540649414062e+00,-4.560730934143066406e+00,-4.311334609985351562e+00,-3.879946708679199219e+00
-3.678204774856567383e+00,-7.927294731140136719e+00,-9.698692321777343750e+00,-4.917597770690917969e+00,-9.130405426025390625e+00,-5.434125423431396484e+00,-4.744114398956298828e+00,-5.003400325775146484e+00
-2.617947578430175781e+00,-6.896073818206787109e+00,-9.410284042358398438e+00,-2.834583520889282227e+00,-9.032714843750000000e+00,-3.638892412185668945e+00,-2.989732980728149414e+00,-4.022185325622558594e+00
-9.728062152862548828e-01,-6.360327720642089844e+00,-7.472422599792480469e+00,-1.886907339096069336e+00,-5.680486679077148438e+00,-3.365534782409667969e+00,-1.795044541358947754e+00,-2.966039657592773438e+00
-1.051437497138977051e+00,-6.377386569976806641e+00,-7.755659103393554688e+00,-1.836568593978881836e+00,-5.608263492584228516e+00,-3.316302299499511719e+00,-1.670877933502197266e+00,-2.822394847869873047e+00
-1.458800315856933594e+00,-7.683734416961669922e+00,-9.276693344116210938e+00,-4.678894996643066406e+00,-9.741366386413574219e+00,-4.703813552856445312e+00,-6.298233985900878906e+00,-4.093243598937988281e+00
-1.295548319816589355e+00,-6.611941337585449219e+00,-7.758605480194091797e+00,-2.816973447799682617e+00,-9.376955032348632812e+00,-1.651495456695556641e+00,-3.090065479278564453e+00,-4.270990371704101562e+00
-9.279200434684753418e-01,-6.327630519866943359e+00,-7.421200275421142578e+00,-1.860801577568054199e+00,-5.684440612792968750e+00,-3.343818664550781250e+00,-1.762724876403808594e+00,-2.966734647750854492e+00
-1.722559213638305664e+00,-6.547957420349121094e+00,-9.318616867065429688e+00,-1.804651498794555664e+00,-8.955158233642578125e+00,-1.690762281417846680e+00,-2.398951768875122070e+00,-3.890497207641601562e+00
-2.759316444396972656e+00,-6.998335838317871094e+00,-1.067220115661621094e+01,-4.471486091613769531e+00,-9.260861396789550781e+00,-3.931413650512695312e+00,-3.444647789001464844e+00,-4.801661491394042969e+00
-1.898261547088623047e+00,-7.230363845825195312e+00,-9.274702072143554688e+00,-3.710312843322753906e+00,-8.948928833007812500e+00,-3.119399070739746094e+00,-4.074444770812988281e+00,-3.698167324066162109e+00
-1.130359768867492676e+00,-6.543521404266357422e+00,-8.808079719543457031e+00,-2.181882858276367188e+00,-6.424708366394042969e+00,-1.760801434516906738e+00,-2.757220745086669922e+00,-3.452833652496337891e+00
-2.623103857040405273e+00,-7.295126914978027344e+00,-9.903464317321777344e+00,-2.467731475830078125e+00,-5.955570697784423828e+00,-2.347209453582763672e+00,-3.580618381500244141e+00,-3.682534694671630859e+00
-1.754675865173339844e+00,-7.059376239776611328e+00,-9.535023689270019531e+00,-3.672654151916503906e+00,-8.985331535339355469e+00,-3.017851352691650391e+00,-4.093541145324707031e+00,-3.652491569519042969e+00
-3.157466411590576172e+00,-8.465238571166992188e+00,-8.767336845397949219e+00,-4.607742309570312500e+00,-1.032248115539550781e+01,-5.587493896484375000e+00,-3.708971023559570312e+00,-4.740720748901367188e+00
-1.579333901405334473e+00,-7.867393970489501953e+00,-8.332204818725585938e+00,-4.215127468109130859e+00,-8.729148864746093750e+00,-4.918817043304443359e+00,-6.020373344421386719e+00,-2.886514663696289062e+00
-1.017852544784545898e+00,-6.596131324768066406e+00,-7.588018894195556641e+00,-2.065201759338378906e+00,-5.689934253692626953e+00,-3.282841205596923828e+00,-2.177220344543457031e+00,-3.093705177307128906e+00
-8.647786974906921387e-01,-6.505247592926025391e+00,-7.430414199829101562e+00,-2.033984422683715820e+00,-5.825636386871337891e+00,-3.292709589004516602e+00,-2.138341665267944336e+00,-3.171754360198974609e+00
-2.539606809616088867e+00,-6.884119510650634766e+00,-8.988059997558593750e+00,-3.208620309829711914e+00,-5.971242904663085938e+00,-3.644705772399902344e+00,-3.289983510971069336e+00,-3.890651702880859375e+00
-2.511754989624023438e+00,-7.167896270751953125e+00,-9.586048126220703125e+00,-2.495077133178710938e+00,-5.839918136596679688e+00,-2.497134685516357422e+00,-3.450840711593627930e+00,-3.918220043182373047e+00
-2.347115516662597656e+00,-6.872494697570800781e+00,-9.348469734191894531e+00,-2.458046913146972656e+00,-5.790554046630859375e+00,-2.481218338012695312e+00,-3.294842243194580078e+00,-3.848558187484741211e+00
-2.953025817871093750e+00,-6.702690601348876953e+00,-9.590332984924316406e+00,-2.145632743835449219e+00,-6.122874259948730469e+00,-1.671265363693237305e+00,-3.169302940368652344e+00,-4.003055572509765625e+00
-2.645231962203979492e+00,-7.217694759368896484e+00,-9.816395759582519531e+00,-2.452813386917114258e+00,-5.940989494323730469e+00,-2.662844419479370117e+00,-3.530663251876831055e+00,-4.073664665222167969e+00
-4.033230781555175781e+00,-7.922600746154785156e+00,-1.118157386779785156e+01,-4.428949356079101562e+00,-7.274708747863769531e+00,-4.767296791076660156e+00,-4.648478984832763672e+00,-4.076809883117675781e+00
-3.749187469482421875e+00,-7.655717849731445312e+00,-1.036460113525390625e+01,-2.867206335067749023e+00,-6.279578208923339844e+00,-1.903051376342773438e+00,-4.286304950714111328e+00,-3.689076423645019531e+00
-3.252259492874145508e+00,-6.180658340454101562e+00,-9.396635055541992188e+00,-5.598170280456542969e+00,-3.095227956771850586e+00,-4.859898090362548828e-01,-2.206049203872680664e+00,-4.181259155273437500e+00
-2.588151931762695312e+00,-7.306455135345458984e+00,-9.636137008666992188e+00,-2.545476436614990234e+00,-5.853905200958251953e+00,-2.517883539199829102e+00,-3.519159555435180664e+00,-3.978831768035888672e+00
-4.065063953399658203e+00,-7.661477088928222656e+00,-1.135184860229492188e+01,-4.695926666259765625e+00,-7.739795684814453125e+00,-4.438735485076904297e+00,-4.172987461090087891e+00,-3.878007411956787109e+00
-2.603355407714843750e+00,-7.161556720733642578e+00,-9.794475555419921875e+00,-2.440649509429931641e+00,-5.899650096893310547e+00,-2.673511266708374023e+00,-3.464983940124511719e+00,-4.081602096557617188e+00
-2.519955158233642578e+00,-7.015252113342285156e+00,-9.743398666381835938e+00,-2.470236778259277344e+00,-5.871443271636962891e+00,-2.773381233215332031e+00,-3.450255870819091797e+00,-4.052462100982666016e+00
-1.200725555419921875e+00,-6.488121032714843750e+00,-7.793960094451904297e+00,-1.937311172485351562e+00,-5.687314987182617188e+00,-3.289666891098022461e+00,-2.044830799102783203e+00,-3.146286010742187500e+00
-2.624457836151123047e+00,-7.211844444274902344e+00,-9.761897087097167969e+00,-2.524961471557617188e+00,-5.949008941650390625e+00,-2.770682334899902344e+00,-3.642037630081176758e+00,-4.068492412567138672e+00
-3.252540826797485352e+00,-7.090826034545898438e+00,-1.005148506164550781e+01,-2.724030971527099609e+00,-5.946901798248291016e+00,-2.596120357513427734e+00,-3.756973266601562500e+00,-3.815353393554687500e+00
-4.112542152404785156e+00,-7.784408569335937500e+00,-1.141198730468750000e+01,-4.651060104370117188e+00,-7.574379920959472656e+00,-4.555520057678222656e+00,-4.353721141815185547e+00,-3.842369556427001953e+00
-1.447893619537353516e+00,-7.159120082855224609e+00,-8.874573707580566406e+00,-2.785049676895141602e+00,-6.159247398376464844e+00,-2.824801683425903320e+00,-3.465230703353881836e+00,-3.706746816635131836e+00
-4.068322658538818359e+00,-7.428610324859619141e+00,-1.179834175109863281e+01,-4.675272464752197266e+00,-6.858135223388671875e+00,-5.314540863037109375e+00,-5.041699409484863281e+00,-5.028743743896484375e+00
-2.370431900024414062e+00,-6.893367290496826172e+00,-9.466578483581542969e+00,-2.489443302154541016e+00,-5.806695938110351562e+00,-2.638643026351928711e+00,-3.265367507934570312e+00,-3.858654975891113281e+00
-2.251562595367431641e+00,-7.260191440582275391e+00,-9.101805686950683594e+00,-2.792242288589477539e+00,-5.873692035675048828e+00,-2.547638416290283203e+00,-3.493633747100830078e+00,-3.817233085632324219e+00
-2.500528812408447266e+00,-7.151235580444335938e+00,-9.553335189819335938e+00,-2.489310979843139648e+00,-5.832418441772460938e+00,-2.538205146789550781e+00,-3.442584037780761719e+00,-3.966753959655761719e+00
-1.658304691314697266e+00,-6.691082954406738281e+00,-7.898361206054687500e+00,-2.193548440933227539e+00,-5.700388908386230469e+00,-2.777284860610961914e+00,-2.741240739822387695e+00,-3.325717210769653320e+00
-2.826137304306030273e+00,-7.282917022705078125e+00,-9.671331405639648438e+00,-2.690582275390625000e+00,-6.151417255401611328e+00,-3.016485691070556641e+00,-3.815923213958740234e+00,-3.728203773498535156e+00
-2.415241718292236328e+00,-6.931271553039550781e+00,-9.523727416992187500e+00,-2.484553813934326172e+00,-5.814175605773925781e+00,-2.639698982238769531e+00,-3.306734085083007812e+00,-3.904973983764648438e+00
-3.932723045349121094e+00,-7.667221546173095703e+00,-1.126124000549316406e+01,-4.421146392822265625e+00,-7.161138534545898438e+00,-4.844048500061035156e+00,-4.773798942565917969e+00,-4.163984775543212891e+00
-2.330699920654296875e+00,-6.816594600677490234e+00,-9.292279243469238281e+00,-2.466118335723876953e+00,-5.779265403747558594e+00,-2.566550731658935547e+00,-3.246406555175781250e+00,-3.845046281814575195e+00
-2.408800125122070312e+00,-6.934158802032470703e+00,-9.419771194458007812e+00,-2.471603631973266602e+00,-5.805671215057373047e+00,-2.576466560363769531e+00,-3.339281082153320312e+00,-3.925856113433837891e+00
-2.390927791595458984e+00,-6.855053424835205078e+00,-9.362367630004882812e+00,-2.484390258789062500e+00,-5.790141582489013672e+00,-2.592665910720825195e+00,-3.302074909210205078e+00,-3.893342971801757812e+00
-3.426666736602783203e+00,-7.087913513183593750e+00,-1.066564750671386719e+01,-3.249130249023437500e+00,-6.129878044128417969e+00,-4.005082607269287109e+00,-3.932948112487792969e+00,-4.430618286132812500e+00
-2.614906311035156250e+00,-7.250321388244628906e+00,-9.867281913757324219e+00,-2.502299785614013672e+00,-5.936172485351562500e+00,-2.429618120193481445e+00,-3.574751853942871094e+00,-3.699827671051025391e+00
-2.414980411529541016e+00,-7.054480075836181641e+00,-9.303687095642089844e+00,-2.454808712005615234e+00,-5.794941902160644531e+00,-2.548508167266845703e+00,-3.408479928970336914e+00,-3.921586036682128906e+00
-2.506058692932128906e+00,-7.104916572570800781e+00,-9.668912887573242188e+00,-2.511574745178222656e+00,-5.849650382995605469e+00,-2.636774063110351562e+00,-3.380892753601074219e+00,-3.939441204071044922e+00
-2.645543575286865234e+00,-7.277163505554199219e+00,-9.964670181274414062e+00,-2.440762758255004883e+00,-5.900182247161865234e+00,-2.289824962615966797e+00,-3.556968450546264648e+00,-3.702414751052856445e+00
-2.382639408111572266e+00,-7.904136180877685547e+00,-9.473644256591796875e+00,-2.993576526641845703e+00,-6.475698947906494141e+00,-3.138761758804321289e+00,-3.836981773376464844e+00,-4.256931304931640625e+00
-2.672922849655151367e+00,-7.903579711914062500e+00,-9.993276596069335938e+00,-4.184559822082519531e+00,-7.304805278778076172e+00,-4.074437141418457031e+00,-4.008993625640869141e+00,-4.717358112335205078e+00
-1.212402582168579102e+00,-5.835907936096191406e+00,-7.124809265136718750e+00,-5.436863899230957031e+00,-1.054464530944824219e+01,-1.166874647140502930e+00,-2.362473964691162109e+00,-4.239119052886962891e+00
-2.902094125747680664e+00,-7.555872917175292969e+00,-9.654191970825195312e+00,-2.845762014389038086e+00,-7.282813072204589844e+00,-3.677559852600097656e+00,-3.781017303466796875e+00,-4.592751979827880859e+00
-2.387514591217041016e+00,-6.900068283081054688e+00,-9.358865737915039062e+00,-2.455815315246582031e+00,-5.794762611389160156e+00,-2.545896053314208984e+00,-3.332442045211791992e+00,-3.913661956787109375e+00
-2.362676143646240234e+00,-7.758311748504638672e+00,-9.280622482299804688e+00,-4.131550788879394531e+00,-6.223450183868408203e+00,-3.413951873779296875e+00,-3.948526859283447266e+00,-4.575064659118652344e+00
-2.417426824569702148e+00,-6.962801933288574219e+00,-9.586517333984375000e+00,-2.453574657440185547e+00,-5.821500778198242188e+00,-2.458659648895263672e+00,-3.344910144805908203e+00,-3.823668003082275391e+00
-2.844818115234375000e+00,-8.833612442016601562e+00,-1.004949569702148438e+01,-4.181819915771484375e+00,-7.688471317291259766e+00,-3.485343456268310547e+00,-4.772708892822265625e+00,-4.911361694335937500e+00
-3.240790605545043945e+00,-7.797218322753906250e+00,-9.830919265747070312e+00,-4.552280426025390625e+00,-7.714753150939941406e+00,-4.433385848999023438e+00,-4.110459804534912109e+00,-4.749949932098388672e+00
-2.671012878417968750e+00,-7.302613258361816406e+00,-9.963150024414062500e+00,-2.451647996902465820e+00,-5.894310474395751953e+00,-2.284945011138916016e+00,-3.538349390029907227e+00,-3.707458257675170898e+00
-2.389560461044311523e+00,-6.886459827423095703e+00,-9.446035385131835938e+00,-2.461674213409423828e+00,-5.801364421844482422e+00,-2.505974292755126953e+00,-3.315890073776245117e+00,-3.872158527374267578e+00
-2.393170356750488281e+00,-6.859696388244628906e+00,-9.449747085571289062e+00,-2.490119934082031250e+00,-5.801788330078125000e+00,-2.631933450698852539e+00,-3.282011508941650391e+00,-3.889653205871582031e+00
-2.613213539123535156e+00,-7.124962806701660156e+00,-9.718056678771972656e+00,-2.456485748291015625e+00,-5.915462970733642578e+00,-2.676504373550415039e+00,-3.476247787475585938e+00,-4.086717605590820312e+00
-2.440160989761352539e+00,-6.979908943176269531e+00,-9.504427909851074219e+00,-2.464072942733764648e+00,-5.814635276794433594e+00,-2.564233779907226562e+00,-3.350708007812500000e+00,-3.923976421356201172e+00
-2.779166221618652344e+00,-7.036496639251708984e+00,-9.767108917236328125e+00,-2.872112274169921875e+00,-5.913158893585205078e+00,-3.146929740905761719e+00,-3.496837139129638672e+00,-4.060585975646972656e+00
