9.186883926391601562e+00,8.369365692138671875e+00,7.807907581329345703e+00,4.551236152648925781e+00,1.011934471130371094e+01,7.886331558227539062e+00,7.274303436279296875e+00,1.311583900451660156e+01,9.170886039733886719e+00,1.046418380737304688e+01,1.224117851257324219e+01
9.235974311828613281e+00,8.407045364379882812e+00,7.919051647186279297e+00,4.519405364990234375e+00,9.968490600585937500e+00,7.854801177978515625e+00,7.279147148132324219e+00,1.314481639862060547e+01,9.293130874633789062e+00,1.033871459960937500e+01,1.221362113952636719e+01
9.542170524597167969e+00,8.325643539428710938e+00,7.761746406555175781e+00,4.300606250762939453e+00,9.930696487426757812e+00,7.471767425537109375e+00,7.668435573577880859e+00,1.310834598541259766e+01,9.097754478454589844e+00,1.033090782165527344e+01,1.207898521423339844e+01
9.514349937438964844e+00,8.304410934448242188e+00,7.760189056396484375e+00,4.344901561737060547e+00,1.000006103515625000e+01,7.486413478851318359e+00,7.477062702178955078e+00,1.313235855102539062e+01,9.091094970703125000e+00,1.038039016723632812e+01,1.211027526855468750e+01
9.760678291320800781e+00,8.296609878540039062e+00,7.701918601989746094e+00,4.235368728637695312e+00,9.770299911499023438e+00,7.205237388610839844e+00,7.633442401885986328e+00,1.309910869598388672e+01,9.011764526367187500e+00,1.035375785827636719e+01,1.205223274230957031e+01
9.573204994201660156e+00,8.305978775024414062e+00,7.784427165985107422e+00,4.359033584594726562e+00,9.926343917846679688e+00,7.475495338439941406e+00,7.425332069396972656e+00,1.314073848724365234e+01,9.114814758300781250e+00,1.035947608947753906e+01,1.212242126464843750e+01
9.497158050537109375e+00,8.394878387451171875e+00,8.001232147216796875e+00,4.461500644683837891e+00,9.656343460083007812e+00,7.742337703704833984e+00,7.709429264068603516e+00,1.309383010864257812e+01,9.349740028381347656e+00,1.028867721557617188e+01,1.221601867675781250e+01
9.504721641540527344e+00,8.407716751098632812e+00,7.921415805816650391e+00,4.483781337738037109e+00,9.786958694458007812e+00,7.647576332092285156e+00,7.569962024688720703e+00,1.310489845275878906e+01,9.266811370849609375e+00,1.033913803100585938e+01,1.221251106262207031e+01
9.709259986877441406e+00,8.344595909118652344e+00,7.717350006103515625e+00,4.205357551574707031e+00,9.700689315795898438e+00,7.292660236358642578e+00,7.819853305816650391e+00,1.302184963226318359e+01,9.039093971252441406e+00,1.032435798645019531e+01,1.205947303771972656e+01
9.233990669250488281e+00,8.254407882690429688e+00,7.846581935882568359e+00,4.537670612335205078e+00,1.017961692810058594e+01,7.706993103027343750e+00,7.248476505279541016e+00,1.311459541320800781e+01,9.242304801940917969e+00,1.031569290161132812e+01,1.211530494689941406e+01
9.129150390625000000e+00,8.996151924133300781e+00,7.477990627288818359e+00,4.506878852844238281e+00,6.196256160736083984e+00,5.180194377899169922e+00,7.147194862365722656e+00,1.318079280853271484e+01,8.277795791625976562e+00,1.078335189819335938e+01,1.133226394653320312e+01
9.568140983581542969e+00,8.505500793457031250e+00,6.941483974456787109e+00,3.263318300247192383e+00,6.298573017120361328e+00,4.674261569976806641e+00,6.315594196319580078e+00,1.249894905090332031e+01,8.382602691650390625e+00,1.054425048828125000e+01,1.091465187072753906e+01
9.494957923889160156e+00,8.478331565856933594e+00,7.164013862609863281e+00,3.564843893051147461e+00,6.275615215301513672e+00,4.888136863708496094e+00,6.440426826477050781e+00,1.265600109100341797e+01,8.513576507568359375e+00,1.083238601684570312e+01,1.094816589355468750e+01
9.488950729370117188e+00,8.546339988708496094e+00,7.220446109771728516e+00,3.721733570098876953e+00,5.954753398895263672e+00,4.871618270874023438e+00,6.888070583343505859e+00,1.273033428192138672e+01,8.464856147766113281e+00,1.065734863281250000e+01,1.087787818908691406e+01
9.301456451416015625e+00,9.147601127624511719e+00,7.876087188720703125e+00,5.255300045013427734e+00,6.340519905090332031e+00,5.534007072448730469e+00,7.503757953643798828e+00,1.341387271881103516e+01,8.202976226806640625e+00,1.073571014404296875e+01,1.143699836730957031e+01
9.820447921752929688e+00,8.443878173828125000e+00,7.130868434906005859e+00,3.280028104782104492e+00,6.181316852569580078e+00,4.841127872467041016e+00,6.532704830169677734e+00,1.253689002990722656e+01,8.356746673583984375e+00,1.065468215942382812e+01,1.069986915588378906e+01
9.777125358581542969e+00,8.398473739624023438e+00,7.025506496429443359e+00,3.455946683883666992e+00,6.409713268280029297e+00,4.857369422912597656e+00,6.514774322509765625e+00,1.246273612976074219e+01,8.707259178161621094e+00,1.071437644958496094e+01,1.087910270690917969e+01
9.213316917419433594e+00,9.266383171081542969e+00,8.087426185607910156e+00,5.696997165679931641e+00,6.525381565093994141e+00,5.905874252319335938e+00,7.724441051483154297e+00,1.357812309265136719e+01,8.141625404357910156e+00,1.074853134155273438e+01,1.157536888122558594e+01
9.102921485900878906e+00,9.738182067871093750e+00,8.249269485473632812e+00,6.675309181213378906e+00,7.115817546844482422e+00,5.894019603729248047e+00,7.871294975280761719e+00,1.395474910736083984e+01,8.213773727416992188e+00,1.081789779663085938e+01,1.208177566528320312e+01
9.181783676147460938e+00,9.229640960693359375e+00,8.054306983947753906e+00,5.711730480194091797e+00,6.520057201385498047e+00,5.714878082275390625e+00,7.520976066589355469e+00,1.352855587005615234e+01,8.209283828735351562e+00,1.079827499389648438e+01,1.164776802062988281e+01
6.597904682159423828e+00,9.816722869873046875e+00,7.013126850128173828e+00,4.513727188110351562e+00,1.289001083374023438e+01,4.639122486114501953e+00,5.422117710113525391e+00,1.393521404266357422e+01,8.776252746582031250e+00,9.396816253662109375e+00,1.091854667663574219e+01
6.777427196502685547e+00,1.000900459289550781e+01,7.342950344085693359e+00,4.461853981018066406e+00,1.222409439086914062e+01,5.504311561584472656e+00,5.445024013519287109e+00,1.397917270660400391e+01,9.083956718444824219e+00,9.562717437744140625e+00,1.098917961120605469e+01
6.482152462005615234e+00,9.782416343688964844e+00,6.704332828521728516e+00,4.278267383575439453e+00,1.315230560302734375e+01,4.524776458740234375e+00,5.143317699432373047e+00,1.384623336791992188e+01,8.412630081176757812e+00,9.156578063964843750e+00,1.075878715515136719e+01
7.450053691864013672e+00,9.770930290222167969e+00,7.689663410186767578e+00,4.688901424407958984e+00,1.153223609924316406e+01,6.346396446228027344e+00,6.194406032562255859e+00,1.399159240722656250e+01,9.339904785156250000e+00,9.846277236938476562e+00,1.129685974121093750e+01
6.862989425659179688e+00,1.003057098388671875e+01,7.394985675811767578e+00,4.426116466522216797e+00,1.209478569030761719e+01,5.548685550689697266e+00,5.518040180206298828e+00,1.397564697265625000e+01,9.121526718139648438e+00,9.652818679809570312e+00,1.102819252014160156e+01
6.461706161499023438e+00,9.808748245239257812e+00,6.931418895721435547e+00,4.413648128509521484e+00,1.307135009765625000e+01,4.587589740753173828e+00,5.185404777526855469e+00,1.395272350311279297e+01,8.735219955444335938e+00,9.303569793701171875e+00,1.079518127441406250e+01
6.423304080963134766e+00,9.949605941772460938e+00,6.961086273193359375e+00,4.418756961822509766e+00,1.323083686828613281e+01,4.676727294921875000e+00,5.059306621551513672e+00,1.403880882263183594e+01,8.836787223815917969e+00,9.319490432739257812e+00,1.077340316772460938e+01
6.420401096343994141e+00,9.844162940979003906e+00,6.755274295806884766e+00,4.310035705566406250e+00,1.324612617492675781e+01,4.245026588439941406e+00,5.204383850097656250e+00,1.382873725891113281e+01,8.601076126098632812e+00,9.257811546325683594e+00,1.077384185791015625e+01
6.651796817779541016e+00,9.985378265380859375e+00,7.193749427795410156e+00,4.600929737091064453e+00,1.301355361938476562e+01,4.871619701385498047e+00,5.331006050109863281e+00,1.411514949798583984e+01,9.021112442016601562e+00,9.505273818969726562e+00,1.092157173156738281e+01
7.063534259796142578e+00,9.387756347656250000e+00,7.453252315521240234e+00,4.622149467468261719e+00,1.280324172973632812e+01,5.532271385192871094e+00,5.781089782714843750e+00,1.405984592437744141e+01,9.244102478027343750e+00,9.674818992614746094e+00,1.097270202636718750e+01
1.056825542449951172e+01,8.588698387145996094e+00,7.435703754425048828e+00,3.869409799575805664e+00,9.995067596435546875e+00,5.263987541198730469e+00,8.001830101013183594e+00,1.337140655517578125e+01,8.541545867919921875e+00,9.888784408569335938e+00,1.134732055664062500e+01
1.051131057739257812e+01,8.794635772705078125e+00,7.577614307403564453e+00,3.943934202194213867e+00,9.897531509399414062e+00,5.359962463378906250e+00,7.833532333374023438e+00,1.352093219757080078e+01,8.622763633728027344e+00,1.010547447204589844e+01,1.146258735656738281e+01
1.061344146728515625e+01,8.228088378906250000e+00,7.490601539611816406e+00,3.610650777816772461e+00,1.000039672851562500e+01,5.009125232696533203e+00,7.537463665008544922e+00,1.320537090301513672e+01,8.528779029846191406e+00,9.963174819946289062e+00,1.133378982543945312e+01
1.071971702575683594e+01,8.308011054992675781e+00,7.150047779083251953e+00,3.397763013839721680e+00,9.276357650756835938e+00,4.934522151947021484e+00,7.565829277038574219e+00,1.292000484466552734e+01,8.313802719116210938e+00,9.883628845214843750e+00,1.108385086059570312e+01
1.062675666809082031e+01,8.007114410400390625e+00,7.490790843963623047e+00,3.578263282775878906e+00,9.975723266601562500e+00,4.828372478485107422e+00,7.372865676879882812e+00,1.312106418609619141e+01,8.599455833435058594e+00,9.958253860473632812e+00,1.141205215454101562e+01
1.056852340698242188e+01,8.517345428466796875e+00,7.501905441284179688e+00,3.911002635955810547e+00,9.924516677856445312e+00,5.250150680541992188e+00,7.920761585235595703e+00,1.333617782592773438e+01,8.620059013366699219e+00,9.908842086791992188e+00,1.136973381042480469e+01
1.055898380279541016e+01,8.026569366455078125e+00,7.554871082305908203e+00,3.599858045578002930e+00,1.021131896972656250e+01,4.913241863250732422e+00,7.517040252685546875e+00,1.317960929870605469e+01,8.619708061218261719e+00,9.928911209106445312e+00,1.143716049194335938e+01
1.067481327056884766e+01,8.212161064147949219e+00,7.229724407196044922e+00,3.626959800720214844e+00,9.748094558715820312e+00,5.087862968444824219e+00,7.993782520294189453e+00,1.305462074279785156e+01,8.528020858764648438e+00,9.739543914794921875e+00,1.122707557678222656e+01
1.060770511627197266e+01,8.259044647216796875e+00,7.375307559967041016e+00,3.329814910888671875e+00,9.573703765869140625e+00,4.841187477111816406e+00,7.105380535125732422e+00,1.295960903167724609e+01,8.469145774841308594e+00,1.002257537841796875e+01,1.120769309997558594e+01
1.061723232269287109e+01,8.330822944641113281e+00,7.426993846893310547e+00,3.787783622741699219e+00,9.862133026123046875e+00,5.102155685424804688e+00,7.801807880401611328e+00,1.322854137420654297e+01,8.601718902587890625e+00,9.885965347290039062e+00,1.135865211486816406e+01
9.239434242248535156e+00,8.131553649902343750e+00,7.778488159179687500e+00,4.328050613403320312e+00,9.048490524291992188e+00,4.436290264129638672e+00,8.374057769775390625e+00,1.325357341766357422e+01,9.083491325378417969e+00,9.872327804565429688e+00,1.218388938903808594e+01
9.222824096679687500e+00,8.017908096313476562e+00,7.597054958343505859e+00,4.476345539093017578e+00,1.016480827331542969e+01,4.481715202331542969e+00,7.781489849090576172e+00,1.332388114929199219e+01,9.137845993041992188e+00,1.003625106811523438e+01,1.235975074768066406e+01
9.476702690124511719e+00,8.332725524902343750e+00,7.630960941314697266e+00,4.380298614501953125e+00,9.861152648925781250e+00,4.764654636383056641e+00,7.996480464935302734e+00,1.329380130767822266e+01,8.878725051879882812e+00,9.849990844726562500e+00,1.200831031799316406e+01
9.454993247985839844e+00,8.209572792053222656e+00,7.609367370605468750e+00,4.316219329833984375e+00,9.992189407348632812e+00,4.676823616027832031e+00,7.825749397277832031e+00,1.328443241119384766e+01,8.863879203796386719e+00,9.898567199707031250e+00,1.204266929626464844e+01
9.412790298461914062e+00,7.769202232360839844e+00,7.162909984588623047e+00,3.981105089187622070e+00,9.734869003295898438e+00,4.445498943328857422e+00,7.443570613861083984e+00,1.288632488250732422e+01,8.722558021545410156e+00,9.895053863525390625e+00,1.196662902832031250e+01
9.264753341674804688e+00,8.069831848144531250e+00,7.522545337677001953e+00,4.108420372009277344e+00,9.816818237304687500e+00,4.538874626159667969e+00,8.045182228088378906e+00,1.315692043304443359e+01,8.854092597961425781e+00,9.879573822021484375e+00,1.197219276428222656e+01
9.605157852172851562e+00,7.967073917388916016e+00,7.336060047149658203e+00,4.057653903961181641e+00,9.570999145507812500e+00,4.689170360565185547e+00,7.653019905090332031e+00,1.302370357513427734e+01,8.739964485168457031e+00,9.874732971191406250e+00,1.191212272644042969e+01
9.477458953857421875e+00,8.337973594665527344e+00,7.710684776306152344e+00,4.453917980194091797e+00,9.833106994628906250e+00,4.795170307159423828e+00,7.956219196319580078e+00,1.336626815795898438e+01,8.952192306518554688e+00,9.929092407226562500e+00,1.209824180603027344e+01
9.354523658752441406e+00,7.697836399078369141e+00,7.215187549591064453e+00,4.086613655090332031e+00,9.752979278564453125e+00,4.422001838684082031e+00,7.318946838378906250e+00,1.300916385650634766e+01,8.813347816467285156e+00,1.000727462768554688e+01,1.210921669006347656e+01
9.459310531616210938e+00,8.202136039733886719e+00,7.680510044097900391e+00,4.337489128112792969e+00,9.639671325683593750e+00,4.658188819885253906e+00,7.962699413299560547e+00,1.331400394439697266e+01,8.962557792663574219e+00,9.932243347167968750e+00,1.214544486999511719e+01
7.183351516723632812e+00,9.993079185485839844e+00,7.370148658752441406e+00,4.325238227844238281e+00,1.287175750732421875e+01,5.099216938018798828e+00,6.904642581939697266e+00,1.392116641998291016e+01,8.689093589782714844e+00,9.693635940551757812e+00,1.128340911865234375e+01
6.495836734771728516e+00,9.847072601318359375e+00,7.026582241058349609e+00,4.110309600830078125e+00,1.282260131835937500e+01,4.631342411041259766e+00,6.188220500946044922e+00,1.368341922760009766e+01,8.506278038024902344e+00,9.291735649108886719e+00,1.089230537414550781e+01
6.552738189697265625e+00,9.987793922424316406e+00,7.070009231567382812e+00,4.279415130615234375e+00,1.313022994995117188e+01,4.745449542999267578e+00,6.112076282501220703e+00,1.392760372161865234e+01,8.552601814270019531e+00,9.341030120849609375e+00,1.103493690490722656e+01
6.485513210296630859e+00,9.835529327392578125e+00,7.035506725311279297e+00,4.185798645019531250e+00,1.281168365478515625e+01,4.673744678497314453e+00,6.013116836547851562e+00,1.372839832305908203e+01,8.557378768920898438e+00,9.290185928344726562e+00,1.088093948364257812e+01
6.547420024871826172e+00,9.923269271850585938e+00,7.023802757263183594e+00,4.054286956787109375e+00,1.292176437377929688e+01,4.590231418609619141e+00,6.326355934143066406e+00,1.370149898529052734e+01,8.464766502380371094e+00,9.350050926208496094e+00,1.095141410827636719e+01
6.542776584625244141e+00,9.976988792419433594e+00,7.033322334289550781e+00,4.189169883728027344e+00,1.310057067871093750e+01,4.660842895507812500e+00,6.269716739654541016e+00,1.384727573394775391e+01,8.476422309875488281e+00,9.363386154174804688e+00,1.101862716674804688e+01
6.527083396911621094e+00,9.816101074218750000e+00,7.001918315887451172e+00,4.323449134826660156e+00,1.285497665405273438e+01,4.727288722991943359e+00,5.818109035491943359e+00,1.382100582122802734e+01,8.575420379638671875e+00,9.281606674194335938e+00,1.089388275146484375e+01
6.511806011199951172e+00,9.891296386718750000e+00,7.004212856292724609e+00,4.115468978881835938e+00,1.292827415466308594e+01,4.605812549591064453e+00,6.212131023406982422e+00,1.372595977783203125e+01,8.474227905273437500e+00,9.333616256713867188e+00,1.093378448486328125e+01
6.514252185821533203e+00,9.835213661193847656e+00,7.016002655029296875e+00,4.278821468353271484e+00,1.286639785766601562e+01,4.702633857727050781e+00,5.890258312225341797e+00,1.380311298370361328e+01,8.561822891235351562e+00,9.293449401855468750e+00,1.090005683898925781e+01
6.506722927093505859e+00,9.896213531494140625e+00,6.988042354583740234e+00,4.331358432769775391e+00,1.305677604675292969e+01,4.682828426361083984e+00,5.922465801239013672e+00,1.387972450256347656e+01,8.525144577026367188e+00,9.290521621704101562e+00,1.096033668518066406e+01
1.010641956329345703e+01,8.139424324035644531e+00,6.829871654510498047e+00,2.823114871978759766e+00,9.658946990966796875e+00,6.751836776733398438e+00,8.185997009277343750e+00,1.288658046722412109e+01,8.127703666687011719e+00,9.540431976318359375e+00,1.052286148071289062e+01
9.978775024414062500e+00,7.948910236358642578e+00,7.098118305206298828e+00,3.459405183792114258e+00,9.942428588867187500e+00,6.948339462280273438e+00,7.713356494903564453e+00,1.293752384185791016e+01,8.270225524902343750e+00,9.580057144165039062e+00,1.086787986755371094e+01
9.991871833801269531e+00,8.102340698242187500e+00,7.238995075225830078e+00,3.316648244857788086e+00,9.641828536987304688e+00,7.094185352325439453e+00,7.802906036376953125e+00,1.290910434722900391e+01,8.694753646850585938e+00,9.603038787841796875e+00,1.092936325073242188e+01
1.010062503814697266e+01,8.176814079284667969e+00,6.874265193939208984e+00,2.781400203704833984e+00,9.374452590942382812e+00,6.694506645202636719e+00,8.098615646362304688e+00,1.280161952972412109e+01,8.165809631347656250e+00,9.532621383666992188e+00,1.056501579284667969e+01
9.821907043457031250e+00,8.071111679077148438e+00,7.255916595458984375e+00,3.262913942337036133e+00,9.810144424438476562e+00,6.992000102996826172e+00,7.555696010589599609e+00,1.283907794952392578e+01,8.451226234436035156e+00,9.614967346191406250e+00,1.088947677612304688e+01
1.003481769561767578e+01,8.288151741027832031e+00,7.093863964080810547e+00,2.977342367172241211e+00,9.107036590576171875e+00,6.489958286285400391e+00,7.804517745971679688e+00,1.255104160308837891e+01,8.391424179077148438e+00,9.602718353271484375e+00,1.088098335266113281e+01
1.011741447448730469e+01,7.969515800476074219e+00,6.902077198028564453e+00,3.009235620498657227e+00,9.370809555053710938e+00,6.755646705627441406e+00,8.017808914184570312e+00,1.248535156250000000e+01,8.421825408935546875e+00,9.422702789306640625e+00,1.065049743652343750e+01
1.015834426879882812e+01,8.059869766235351562e+00,6.595463275909423828e+00,2.679594516754150391e+00,9.121223449707031250e+00,6.090541839599609375e+00,8.018554687500000000e+00,1.246336269378662109e+01,7.841217517852783203e+00,9.416236877441406250e+00,1.038859748840332031e+01
8.869435310363769531e+00,8.292770385742187500e+00,7.696772098541259766e+00,4.117115974426269531e+00,1.020563697814941406e+01,7.662778377532958984e+00,6.728111267089843750e+00,1.288879489898681641e+01,8.823987960815429688e+00,9.743742942810058594e+00,1.123176956176757812e+01
1.004421710968017578e+01,8.165300369262695312e+00,7.077570915222167969e+00,3.129070043563842773e+00,9.188749313354492188e+00,6.456315040588378906e+00,7.717818260192871094e+00,1.244154453277587891e+01,8.384320259094238281e+00,9.547220230102539062e+00,1.087611961364746094e+01
9.188480377197265625e+00,8.993078231811523438e+00,8.288339614868164062e+00,4.819727420806884766e+00,8.085931777954101562e+00,9.320736885070800781e+00,8.113359451293945312e+00,1.357465839385986328e+01,9.685048103332519531e+00,1.067380905151367188e+01,1.234006690979003906e+01
9.040767669677734375e+00,8.924913406372070312e+00,8.278457641601562500e+00,4.543049812316894531e+00,7.911387920379638672e+00,9.406162261962890625e+00,7.904874801635742188e+00,1.350578403472900391e+01,9.631012916564941406e+00,1.065204811096191406e+01,1.220703506469726562e+01
8.940983772277832031e+00,9.000231742858886719e+00,8.275227546691894531e+00,4.132634162902832031e+00,8.262942314147949219e+00,9.805059432983398438e+00,7.823902606964111328e+00,1.344395160675048828e+01,9.668984413146972656e+00,1.071260643005371094e+01,1.207525062561035156e+01
8.923842430114746094e+00,9.025111198425292969e+00,8.236309051513671875e+00,4.127065658569335938e+00,8.358908653259277344e+00,9.731900215148925781e+00,7.837306022644042969e+00,1.343057346343994141e+01,9.642843246459960938e+00,1.070119094848632812e+01,1.207503128051757812e+01
8.885887145996093750e+00,9.051136016845703125e+00,8.235051155090332031e+00,4.090205192565917969e+00,8.379326820373535156e+00,9.763224601745605469e+00,7.804131984710693359e+00,1.344989681243896484e+01,9.639061927795410156e+00,1.073933792114257812e+01,1.204497337341308594e+01
8.968471527099609375e+00,8.996929168701171875e+00,8.242138862609863281e+00,4.079210281372070312e+00,8.412727355957031250e+00,9.754188537597656250e+00,7.871276378631591797e+00,1.339824390411376953e+01,9.650996208190917969e+00,1.071436309814453125e+01,1.205231475830078125e+01
8.899028778076171875e+00,9.011705398559570312e+00,8.284934043884277344e+00,4.141663074493408203e+00,8.268495559692382812e+00,9.809473037719726562e+00,7.815878868103027344e+00,1.340756511688232422e+01,9.663478851318359375e+00,1.073836517333984375e+01,1.205760955810546875e+01
8.934000015258789062e+00,9.031243324279785156e+00,8.260785102844238281e+00,4.113981723785400391e+00,8.339346885681152344e+00,9.760059356689453125e+00,7.815287113189697266e+00,1.343282794952392578e+01,9.661169052124023438e+00,1.074281120300292969e+01,1.206155014038085938e+01
8.932897567749023438e+00,9.061460494995117188e+00,8.219977378845214844e+00,4.109299182891845703e+00,8.396211624145507812e+00,9.666671752929687500e+00,7.824611186981201172e+00,1.343870449066162109e+01,9.629966735839843750e+00,1.071408271789550781e+01,1.205034446716308594e+01
8.992360115051269531e+00,8.969832420349121094e+00,8.347433090209960938e+00,4.513084888458251953e+00,8.067473411560058594e+00,9.510404586791992188e+00,7.881157875061035156e+00,1.346072387695312500e+01,9.702301979064941406e+00,1.072116088867187500e+01,1.219542312622070312e+01
