9.133439064025878906e+00,9.236989021301269531e+00,7.539387702941894531e+00,5.057744979858398438e+00,8.800257682800292969e+00,6.919249534606933594e+00,8.712494850158691406e+00,1.325615692138671875e+01,9.391388893127441406e+00,1.092650318145751953e+01,1.297651672363281250e+01
9.228697776794433594e+00,9.255586624145507812e+00,7.608389854431152344e+00,5.040494918823242188e+00,8.789664268493652344e+00,6.446033477783203125e+00,8.523473739624023438e+00,1.321140193939208984e+01,9.429786682128906250e+00,1.090947914123535156e+01,1.302573966979980469e+01
9.401862144470214844e+00,9.302582740783691406e+00,7.806221008300781250e+00,4.928626060485839844e+00,8.605853080749511719e+00,7.012376308441162109e+00,9.037322044372558594e+00,1.339857959747314453e+01,9.558249473571777344e+00,1.101269149780273438e+01,1.304111862182617188e+01
9.195820808410644531e+00,9.267419815063476562e+00,7.490550994873046875e+00,5.008783340454101562e+00,8.588040351867675781e+00,6.663585662841796875e+00,9.009167671203613281e+00,1.310521221160888672e+01,9.358372688293457031e+00,1.092628574371337891e+01,1.303458595275878906e+01
9.241295814514160156e+00,9.157837867736816406e+00,7.505750656127929688e+00,4.898975372314453125e+00,8.561685562133789062e+00,6.505745887756347656e+00,9.219995498657226562e+00,1.305092906951904297e+01,9.352727890014648438e+00,1.090229988098144531e+01,1.300944328308105469e+01
9.218544960021972656e+00,9.204986572265625000e+00,7.409793853759765625e+00,4.937487602233886719e+00,8.579028129577636719e+00,6.476291656494140625e+00,8.958506584167480469e+00,1.293532371520996094e+01,9.284482955932617188e+00,1.089490032196044922e+01,1.301912879943847656e+01
9.551500320434570312e+00,9.020447731018066406e+00,8.022166252136230469e+00,4.658437728881835938e+00,8.397259712219238281e+00,6.558954238891601562e+00,8.726251602172851562e+00,1.330501842498779297e+01,9.592709541320800781e+00,1.085391998291015625e+01,1.290145301818847656e+01
9.359263420104980469e+00,9.093267440795898438e+00,7.704753875732421875e+00,4.798961162567138672e+00,8.487941741943359375e+00,6.472827434539794922e+00,8.757668495178222656e+00,1.315034008026123047e+01,9.430432319641113281e+00,1.087246799468994141e+01,1.294102478027343750e+01
9.333539962768554688e+00,9.149365425109863281e+00,7.565979003906250000e+00,4.757437705993652344e+00,8.369406700134277344e+00,6.761528015136718750e+00,9.185258865356445312e+00,1.316502857208251953e+01,9.381476402282714844e+00,1.091462802886962891e+01,1.293486404418945312e+01
9.179291725158691406e+00,9.314951896667480469e+00,7.664608001708984375e+00,5.086040019989013672e+00,8.789592742919921875e+00,6.566470623016357422e+00,8.647808074951171875e+00,1.328068256378173828e+01,9.455121040344238281e+00,1.097076320648193359e+01,1.307369422912597656e+01
9.307694435119628906e+00,7.966494560241699219e+00,7.246144294738769531e+00,3.002982139587402344e+00,6.948294639587402344e+00,4.485630989074707031e+00,7.627225875854492188e+00,1.234806442260742188e+01,8.359731674194335938e+00,9.932686805725097656e+00,1.099133491516113281e+01
9.193367004394531250e+00,7.759875297546386719e+00,7.066462516784667969e+00,2.758301973342895508e+00,7.119769573211669922e+00,4.147593498229980469e+00,7.184905529022216797e+00,1.219283866882324219e+01,8.389118194580078125e+00,9.785543441772460938e+00,1.095345115661621094e+01
9.462894439697265625e+00,7.640658378601074219e+00,7.168210983276367188e+00,2.507932424545288086e+00,7.915899753570556641e+00,4.443678379058837891e+00,8.001708984375000000e+00,1.224528312683105469e+01,8.240147590637207031e+00,9.938881874084472656e+00,1.108917713165283203e+01
1.003198719024658203e+01,7.648259162902832031e+00,7.457327842712402344e+00,2.179415702819824219e+00,6.647496700286865234e+00,4.994620800018310547e+00,8.546578407287597656e+00,1.250030422210693359e+01,8.083714485168457031e+00,1.009879207611083984e+01,1.058280181884765625e+01
9.488350868225097656e+00,7.683588981628417969e+00,7.307148933410644531e+00,2.606074810028076172e+00,7.773714542388916016e+00,4.629776000976562500e+00,8.350419044494628906e+00,1.236345005035400391e+01,8.247064590454101562e+00,1.003524017333984375e+01,1.123515224456787109e+01
9.484869956970214844e+00,7.323000907897949219e+00,7.037470817565917969e+00,2.181656360626220703e+00,7.597127437591552734e+00,4.327943325042724609e+00,7.759199619293212891e+00,1.187830734252929688e+01,8.260947227478027344e+00,9.660519599914550781e+00,1.088376140594482422e+01
1.017219066619873047e+01,7.602325439453125000e+00,7.117401123046875000e+00,2.198442935943603516e+00,6.938593864440917969e+00,4.681267738342285156e+00,7.656004905700683594e+00,1.219469547271728516e+01,8.269935607910156250e+00,9.945580482482910156e+00,1.056268119812011719e+01
9.063250541687011719e+00,7.337591171264648438e+00,7.212639808654785156e+00,2.643321037292480469e+00,8.145126342773437500e+00,4.553444862365722656e+00,8.189956665039062500e+00,1.194246673583984375e+01,8.397363662719726562e+00,9.844061851501464844e+00,1.121724891662597656e+01
9.257987976074218750e+00,7.618014812469482422e+00,7.205279350280761719e+00,2.717409849166870117e+00,7.995697975158691406e+00,4.799892425537109375e+00,8.105746269226074219e+00,1.218775463104248047e+01,8.403409957885742188e+00,1.011208820343017578e+01,1.133822631835937500e+01
9.180929183959960938e+00,7.335426330566406250e+00,7.181402206420898438e+00,2.452023029327392578e+00,8.114476203918457031e+00,4.582367897033691406e+00,8.088706016540527344e+00,1.202259254455566406e+01,8.360918998718261719e+00,9.899709701538085938e+00,1.121172142028808594e+01
7.324201107025146484e+00,9.683941841125488281e+00,6.913719177246093750e+00,4.152961730957031250e+00,1.153500938415527344e+01,5.063055038452148438e+00,6.012653827667236328e+00,1.350394439697265625e+01,8.785018920898437500e+00,9.684076309204101562e+00,1.099400997161865234e+01
7.535798549652099609e+00,9.561471939086914062e+00,7.142546653747558594e+00,4.279174327850341797e+00,1.141282749176025391e+01,5.769647598266601562e+00,6.491404533386230469e+00,1.357429409027099609e+01,8.900155067443847656e+00,9.961211204528808594e+00,1.115179634094238281e+01
6.821063995361328125e+00,9.771282196044921875e+00,6.752618789672851562e+00,4.042742729187011719e+00,1.116730403900146484e+01,4.253842353820800781e+00,5.318604946136474609e+00,1.359653663635253906e+01,8.528439521789550781e+00,9.439780235290527344e+00,1.077471446990966797e+01
7.601288318634033203e+00,9.382349014282226562e+00,7.339096069335937500e+00,4.371945858001708984e+00,1.141661739349365234e+01,6.044441223144531250e+00,6.776145935058593750e+00,1.363025283813476562e+01,9.057738304138183594e+00,1.025771236419677734e+01,1.131945896148681641e+01
7.823058128356933594e+00,9.485964775085449219e+00,7.270861625671386719e+00,4.161295890808105469e+00,1.122547626495361328e+01,5.815855979919433594e+00,6.663699626922607422e+00,1.360989284515380859e+01,8.999691009521484375e+00,1.006509494781494141e+01,1.130721092224121094e+01
7.276665210723876953e+00,9.940418243408203125e+00,7.023695945739746094e+00,4.074214458465576172e+00,1.143381214141845703e+01,4.724506378173828125e+00,5.568591117858886719e+00,1.376170539855957031e+01,8.864449501037597656e+00,9.757193565368652344e+00,1.105080699920654297e+01
7.076099872589111328e+00,9.967342376708984375e+00,7.005480766296386719e+00,4.109930992126464844e+00,1.158053874969482422e+01,4.716421127319335938e+00,5.410300731658935547e+00,1.373826122283935547e+01,8.839757919311523438e+00,9.711150169372558594e+00,1.096506404876708984e+01
7.123653411865234375e+00,9.898395538330078125e+00,6.885062217712402344e+00,3.976205110549926758e+00,1.184472370147705078e+01,4.624721050262451172e+00,5.301959991455078125e+00,1.375850200653076172e+01,8.827279090881347656e+00,9.590533256530761719e+00,1.092440319061279297e+01
7.651565074920654297e+00,9.889487266540527344e+00,7.179131507873535156e+00,4.111299037933349609e+00,1.148670673370361328e+01,5.044792175292968750e+00,6.015201568603515625e+00,1.392479991912841797e+01,8.980914115905761719e+00,9.827224731445312500e+00,1.116478729248046875e+01
7.055723667144775391e+00,9.767603874206542969e+00,7.147184371948242188e+00,4.361276149749755859e+00,1.155358314514160156e+01,4.972510337829589844e+00,5.691788196563720703e+00,1.380804729461669922e+01,8.934809684753417969e+00,9.704962730407714844e+00,1.102811431884765625e+01
1.067710399627685547e+01,8.312034606933593750e+00,7.713267326354980469e+00,3.356749773025512695e+00,8.929511070251464844e+00,5.539652824401855469e+00,8.081559181213378906e+00,1.327696895599365234e+01,8.574614524841308594e+00,1.001585102081298828e+01,1.112691307067871094e+01
1.053797245025634766e+01,8.488895416259765625e+00,7.588552474975585938e+00,3.119795799255371094e+00,8.457396507263183594e+00,5.350486755371093750e+00,7.877267837524414062e+00,1.314152240753173828e+01,8.378648757934570312e+00,1.004978942871093750e+01,1.098892402648925781e+01
1.072946834564208984e+01,8.286684036254882812e+00,7.738348007202148438e+00,3.376090526580810547e+00,9.131418228149414062e+00,5.581054687500000000e+00,7.983759880065917969e+00,1.334843635559082031e+01,8.583381652832031250e+00,1.015199947357177734e+01,1.117441368103027344e+01
1.059761428833007812e+01,8.347418785095214844e+00,7.752928733825683594e+00,3.369556903839111328e+00,8.789614677429199219e+00,5.438412189483642578e+00,7.926085472106933594e+00,1.324964046478271484e+01,8.698647499084472656e+00,1.019917392730712891e+01,1.125339698791503906e+01
1.063165950775146484e+01,8.125236511230468750e+00,7.694450378417968750e+00,3.145135402679443359e+00,8.954359054565429688e+00,5.372950553894042969e+00,7.782717704772949219e+00,1.320335102081298828e+01,8.592396736145019531e+00,9.985539436340332031e+00,1.111923217773437500e+01
1.074194622039794922e+01,8.202483177185058594e+00,7.823246955871582031e+00,3.369898319244384766e+00,8.957856178283691406e+00,5.521936416625976562e+00,8.199502944946289062e+00,1.338861179351806641e+01,8.596802711486816406e+00,1.021764564514160156e+01,1.111458587646484375e+01
1.063861846923828125e+01,8.341570854187011719e+00,7.539798736572265625e+00,3.235853433609008789e+00,9.078464508056640625e+00,5.401666641235351562e+00,7.844345092773437500e+00,1.332757472991943359e+01,8.455972671508789062e+00,1.005850505828857422e+01,1.116035652160644531e+01
1.066804885864257812e+01,8.174759864807128906e+00,7.736125946044921875e+00,3.326481819152832031e+00,8.946967124938964844e+00,5.410980701446533203e+00,8.001379966735839844e+00,1.323652553558349609e+01,8.644771575927734375e+00,1.003176784515380859e+01,1.119078731536865234e+01
1.056103801727294922e+01,8.397908210754394531e+00,7.862241744995117188e+00,3.384190082550048828e+00,8.812420845031738281e+00,5.487992763519287109e+00,7.937448501586914062e+00,1.332455539703369141e+01,8.643669128417968750e+00,1.037602519989013672e+01,1.133226394653320312e+01
1.067222309112548828e+01,8.259654998779296875e+00,7.831086158752441406e+00,3.390631914138793945e+00,8.960781097412109375e+00,5.511563301086425781e+00,8.117709159851074219e+00,1.329862117767333984e+01,8.642980575561523438e+00,1.018535709381103516e+01,1.123494911193847656e+01
9.120755195617675781e+00,8.378923416137695312e+00,7.882775306701660156e+00,4.629981040954589844e+00,8.323919296264648438e+00,4.252436161041259766e+00,9.080205917358398438e+00,1.304918479919433594e+01,9.282119750976562500e+00,1.018119525909423828e+01,1.278033065795898438e+01
9.081013679504394531e+00,8.277475357055664062e+00,7.747453689575195312e+00,4.605926036834716797e+00,8.750433921813964844e+00,4.190647602081298828e+00,8.544157981872558594e+00,1.307059288024902344e+01,9.281197547912597656e+00,1.018157482147216797e+01,1.276984310150146484e+01
9.173964500427246094e+00,8.286153793334960938e+00,7.816953659057617188e+00,4.604424476623535156e+00,8.368515968322753906e+00,4.197275161743164062e+00,8.836174011230468750e+00,1.303726577758789062e+01,9.223734855651855469e+00,1.006513977050781250e+01,1.270218944549560547e+01
9.132563591003417969e+00,8.379319190979003906e+00,7.773141860961914062e+00,4.682706832885742188e+00,8.457265853881835938e+00,4.163068771362304688e+00,8.875242233276367188e+00,1.301346969604492188e+01,9.205573081970214844e+00,1.013048076629638672e+01,1.272177886962890625e+01
9.245137214660644531e+00,8.347346305847167969e+00,7.868668556213378906e+00,4.739535808563232422e+00,8.368558883666992188e+00,4.377978801727294922e+00,9.117819786071777344e+00,1.302019977569580078e+01,9.282666206359863281e+00,1.023366260528564453e+01,1.276225280761718750e+01
9.194705009460449219e+00,8.582708358764648438e+00,7.971199035644531250e+00,4.776371955871582031e+00,8.459946632385253906e+00,4.590133190155029297e+00,9.470736503601074219e+00,1.307500362396240234e+01,9.374506950378417969e+00,1.037078189849853516e+01,1.285736274719238281e+01
9.376355171203613281e+00,8.382297515869140625e+00,7.982619285583496094e+00,4.553616046905517578e+00,8.193768501281738281e+00,4.579553604125976562e+00,9.240619659423828125e+00,1.306839466094970703e+01,9.312965393066406250e+00,1.025840091705322266e+01,1.272441673278808594e+01
9.251893997192382812e+00,8.282085418701171875e+00,7.850791931152343750e+00,4.471741199493408203e+00,8.335835456848144531e+00,4.308127403259277344e+00,8.807398796081542969e+00,1.303595638275146484e+01,9.215727806091308594e+00,1.009751796722412109e+01,1.267342185974121094e+01
9.257992744445800781e+00,8.204634666442871094e+00,7.673392295837402344e+00,4.398494720458984375e+00,8.296386718750000000e+00,4.252455711364746094e+00,8.679235458374023438e+00,1.291672611236572266e+01,9.167311668395996094e+00,1.017107868194580078e+01,1.263395977020263672e+01
9.280593872070312500e+00,8.212117195129394531e+00,7.881718635559082031e+00,4.371972084045410156e+00,7.972669124603271484e+00,4.368305206298828125e+00,8.921183586120605469e+00,1.299486446380615234e+01,9.222407341003417969e+00,1.009621334075927734e+01,1.261707687377929688e+01
7.099462032318115234e+00,9.786316871643066406e+00,7.313448905944824219e+00,4.412065029144287109e+00,1.187910366058349609e+01,5.144662380218505859e+00,7.249066352844238281e+00,1.385674095153808594e+01,8.819934844970703125e+00,9.909150123596191406e+00,1.111137771606445312e+01
6.697791576385498047e+00,9.983959197998046875e+00,7.155367851257324219e+00,4.340507030487060547e+00,1.206702613830566406e+01,4.724085807800292969e+00,6.139058113098144531e+00,1.387935638427734375e+01,8.728379249572753906e+00,9.601578712463378906e+00,1.096306800842285156e+01
6.887325763702392578e+00,9.721261978149414062e+00,7.199552536010742188e+00,4.374575138092041016e+00,1.181023216247558594e+01,5.140935420989990234e+00,6.792393684387207031e+00,1.374460697174072266e+01,8.739862442016601562e+00,9.758069992065429688e+00,1.093736076354980469e+01
6.754342079162597656e+00,9.887787818908691406e+00,7.201985359191894531e+00,4.397005558013916016e+00,1.188294124603271484e+01,4.778822898864746094e+00,6.070970058441162109e+00,1.382735729217529297e+01,8.767170906066894531e+00,9.619656562805175781e+00,1.097494220733642578e+01
6.869796276092529297e+00,9.939816474914550781e+00,7.210569381713867188e+00,4.399018764495849609e+00,1.209089756011962891e+01,4.823660850524902344e+00,6.449633598327636719e+00,1.392912769317626953e+01,8.784515380859375000e+00,9.744302749633789062e+00,1.104510879516601562e+01
6.827978134155273438e+00,9.916159629821777344e+00,7.064179420471191406e+00,4.347335338592529297e+00,1.215153026580810547e+01,4.787357330322265625e+00,6.335510730743408203e+00,1.382237625122070312e+01,8.678705215454101562e+00,9.645901679992675781e+00,1.098851394653320312e+01
6.687767028808593750e+00,9.859884262084960938e+00,6.970325469970703125e+00,4.336114406585693359e+00,1.212983608245849609e+01,4.771677970886230469e+00,5.815616607666015625e+00,1.367886638641357422e+01,8.645240783691406250e+00,9.531307220458984375e+00,1.089818191528320312e+01
6.898396492004394531e+00,9.847800254821777344e+00,7.136005401611328125e+00,4.347119808197021484e+00,1.210998821258544922e+01,4.823447227478027344e+00,6.326578140258789062e+00,1.385914611816406250e+01,8.758977890014648438e+00,9.726662635803222656e+00,1.101143264770507812e+01
6.769209384918212891e+00,9.828853607177734375e+00,6.983516693115234375e+00,4.327745914459228516e+00,1.212761974334716797e+01,4.778436660766601562e+00,6.025349617004394531e+00,1.368023204803466797e+01,8.663518905639648438e+00,9.603366851806640625e+00,1.093936538696289062e+01
6.684427738189697266e+00,9.911133766174316406e+00,7.018103599548339844e+00,4.355919361114501953e+00,1.211127376556396484e+01,4.791350841522216797e+00,5.917048454284667969e+00,1.378472042083740234e+01,8.663335800170898438e+00,9.560326576232910156e+00,1.092236137390136719e+01
1.023121738433837891e+01,8.276501655578613281e+00,7.460423469543457031e+00,3.157337188720703125e+00,9.494216918945312500e+00,7.413689613342285156e+00,8.357906341552734375e+00,1.308805751800537109e+01,8.690208435058593750e+00,9.754950523376464844e+00,1.069345378875732422e+01
1.020823001861572266e+01,8.366236686706542969e+00,7.583377838134765625e+00,3.109593868255615234e+00,9.405568122863769531e+00,7.304884433746337891e+00,8.174175262451171875e+00,1.321879863739013672e+01,8.835700988769531250e+00,9.947783470153808594e+00,1.101524639129638672e+01
1.018906879425048828e+01,8.275018692016601562e+00,7.559099197387695312e+00,3.073607921600341797e+00,9.341303825378417969e+00,7.357927322387695312e+00,8.096899986267089844e+00,1.313664722442626953e+01,8.850247383117675781e+00,9.837851524353027344e+00,1.092094612121582031e+01
1.029828453063964844e+01,8.268887519836425781e+00,7.397832870483398438e+00,3.058618307113647461e+00,9.345887184143066406e+00,7.344808101654052734e+00,8.499404907226562500e+00,1.313492107391357422e+01,8.679143905639648438e+00,9.833224296569824219e+00,1.078032112121582031e+01
1.011798191070556641e+01,8.276937484741210938e+00,7.684869766235351562e+00,3.260448217391967773e+00,9.437085151672363281e+00,7.490588665008544922e+00,8.228921890258789062e+00,1.301869487762451172e+01,8.752468109130859375e+00,9.748416900634765625e+00,1.076146888732910156e+01
1.025746345520019531e+01,8.153551101684570312e+00,7.413597106933593750e+00,3.025433063507080078e+00,9.246045112609863281e+00,7.416888236999511719e+00,8.370864868164062500e+00,1.293078899383544922e+01,8.589330673217773438e+00,9.607705116271972656e+00,1.062565422058105469e+01
1.028135776519775391e+01,8.183772087097167969e+00,7.285202026367187500e+00,3.027230501174926758e+00,9.301604270935058594e+00,7.365734577178955078e+00,8.371687889099121094e+00,1.298359489440917969e+01,8.648530006408691406e+00,9.551236152648925781e+00,1.054864597320556641e+01
1.024781322479248047e+01,8.104907989501953125e+00,7.218848228454589844e+00,3.028308868408203125e+00,9.402258872985839844e+00,7.260311126708984375e+00,8.522698402404785156e+00,1.285422039031982422e+01,8.400297164916992188e+00,9.505152702331542969e+00,1.041730976104736328e+01
1.020252895355224609e+01,8.246359825134277344e+00,7.680442810058593750e+00,3.029422521591186523e+00,8.988385200500488281e+00,7.534279823303222656e+00,8.011092185974121094e+00,1.301111888885498047e+01,8.889324188232421875e+00,9.826298713684082031e+00,1.097687530517578125e+01
1.029301929473876953e+01,8.136097908020019531e+00,7.350119590759277344e+00,3.026043176651000977e+00,9.190611839294433594e+00,7.388059616088867188e+00,8.374328613281250000e+00,1.294761943817138672e+01,8.604372978210449219e+00,9.584393501281738281e+00,1.062377929687500000e+01
8.604422569274902344e+00,9.289376258850097656e+00,8.141325950622558594e+00,5.197899818420410156e+00,8.278167724609375000e+00,9.101917266845703125e+00,7.890816688537597656e+00,1.330652904510498047e+01,9.726082801818847656e+00,1.092291259765625000e+01,1.195172214508056641e+01
8.555049896240234375e+00,9.270433425903320312e+00,8.143589973449707031e+00,5.160321712493896484e+00,8.261649131774902344e+00,9.080480575561523438e+00,7.859667778015136719e+00,1.328197956085205078e+01,9.695700645446777344e+00,1.088334846496582031e+01,1.189220046997070312e+01
8.576739311218261719e+00,9.281603813171386719e+00,8.111052513122558594e+00,4.940059661865234375e+00,8.341243743896484375e+00,9.201711654663085938e+00,7.810794353485107422e+00,1.343703174591064453e+01,9.694143295288085938e+00,1.091314411163330078e+01,1.194173622131347656e+01
8.548408508300781250e+00,9.266409873962402344e+00,8.081662178039550781e+00,4.960754394531250000e+00,8.371895790100097656e+00,9.110400199890136719e+00,7.880283355712890625e+00,1.343306446075439453e+01,9.700001716613769531e+00,1.093603038787841797e+01,1.194299125671386719e+01
8.566936492919921875e+00,9.237427711486816406e+00,8.036185264587402344e+00,4.718070507049560547e+00,8.360077857971191406e+00,9.152958869934082031e+00,7.828767299652099609e+00,1.349565982818603516e+01,9.674380302429199219e+00,1.091888523101806641e+01,1.192501449584960938e+01
8.615283012390136719e+00,9.243341445922851562e+00,8.053183555603027344e+00,4.859472274780273438e+00,8.390306472778320312e+00,9.163179397583007812e+00,7.909060478210449219e+00,1.351342582702636719e+01,9.710480690002441406e+00,1.094766139984130859e+01,1.198046112060546875e+01
8.564279556274414062e+00,9.196778297424316406e+00,8.049656867980957031e+00,4.835209846496582031e+00,8.337520599365234375e+00,9.073764801025390625e+00,7.876914024353027344e+00,1.344771289825439453e+01,9.676296234130859375e+00,1.091111660003662109e+01,1.189834213256835938e+01
8.601167678833007812e+00,9.143202781677246094e+00,8.029360771179199219e+00,4.850356101989746094e+00,8.397290229797363281e+00,9.023053169250488281e+00,7.965847015380859375e+00,1.346254062652587891e+01,9.701698303222656250e+00,1.094657993316650391e+01,1.193555927276611328e+01
8.602849006652832031e+00,9.159470558166503906e+00,7.984730720520019531e+00,4.832196235656738281e+00,8.443508148193359375e+00,8.936288833618164062e+00,8.102172851562500000e+00,1.349765014648437500e+01,9.714015007019042969e+00,1.099527454376220703e+01,1.196179389953613281e+01
8.543783187866210938e+00,9.099158287048339844e+00,7.994117736816406250e+00,5.121863842010498047e+00,8.308134078979492188e+00,8.714122772216796875e+00,8.126867294311523438e+00,1.328921222686767578e+01,9.646122932434082031e+00,1.090333366394042969e+01,1.182628917694091797e+01
