8.392834663391113281e+00,7.918640136718750000e+00,7.343643665313720703e+00,3.933972835540771484e+00,9.759028434753417969e+00,6.693658351898193359e+00,6.783339977264404297e+00,1.252716159820556641e+01,9.060675621032714844e+00,1.012225532531738281e+01,1.131876277923583984e+01
8.463373184204101562e+00,7.982909202575683594e+00,7.312190055847167969e+00,3.766941070556640625e+00,9.605541229248046875e+00,6.479803085327148438e+00,6.581880092620849609e+00,1.254868125915527344e+01,8.988419532775878906e+00,1.006991004943847656e+01,1.125917530059814453e+01
8.561436653137207031e+00,7.837455749511718750e+00,7.198182106018066406e+00,3.718336105346679688e+00,9.351363182067871094e+00,6.497991561889648438e+00,6.700159549713134766e+00,1.244470024108886719e+01,8.887101173400878906e+00,1.008653831481933594e+01,1.124631214141845703e+01
8.509018898010253906e+00,7.912218093872070312e+00,7.234433650970458984e+00,3.707842350006103516e+00,9.548304557800292969e+00,6.519175529479980469e+00,6.727158069610595703e+00,1.250470066070556641e+01,8.946249961853027344e+00,1.010051536560058594e+01,1.124940681457519531e+01
8.568647384643554688e+00,7.880274772644042969e+00,7.149117469787597656e+00,3.617750644683837891e+00,9.503802299499511719e+00,6.341924190521240234e+00,6.759305477142333984e+00,1.250756549835205078e+01,8.884308815002441406e+00,1.008851337432861328e+01,1.122181129455566406e+01
8.576930999755859375e+00,7.923301696777343750e+00,7.241944313049316406e+00,3.657565116882324219e+00,9.551375389099121094e+00,6.464977264404296875e+00,6.733864307403564453e+00,1.251869678497314453e+01,8.953493118286132812e+00,1.010408496856689453e+01,1.125407218933105469e+01
8.603232383728027344e+00,7.712142944335937500e+00,7.163888454437255859e+00,3.483163356781005859e+00,9.201798439025878906e+00,6.194570541381835938e+00,6.555806159973144531e+00,1.229061412811279297e+01,8.818094253540039062e+00,9.928004264831542969e+00,1.107193946838378906e+01
8.554883003234863281e+00,7.787655830383300781e+00,7.195338726043701172e+00,3.578839302062988281e+00,9.351777076721191406e+00,6.295376300811767578e+00,6.625601291656494141e+00,1.237165069580078125e+01,8.883227348327636719e+00,9.995107650756835938e+00,1.114760875701904297e+01
8.586981773376464844e+00,7.762905120849609375e+00,7.183757781982421875e+00,3.641759872436523438e+00,9.370955467224121094e+00,6.464047431945800781e+00,6.814260959625244141e+00,1.238621616363525391e+01,8.900355339050292969e+00,1.007829570770263672e+01,1.121067047119140625e+01
8.458191871643066406e+00,7.994712829589843750e+00,7.248647689819335938e+00,3.777731895446777344e+00,9.810906410217285156e+00,6.468135833740234375e+00,6.579751968383789062e+00,1.257490062713623047e+01,8.943615913391113281e+00,1.002736663818359375e+01,1.121308994293212891e+01
9.160398483276367188e+00,7.485556602478027344e+00,6.733057975769042969e+00,2.623507976531982422e+00,5.674590587615966797e+00,3.994971513748168945e+00,6.410499095916748047e+00,1.184281349182128906e+01,8.029973030090332031e+00,9.477976799011230469e+00,1.043110084533691406e+01
9.248507499694824219e+00,7.389657020568847656e+00,6.625250816345214844e+00,2.515867233276367188e+00,5.687633037567138672e+00,4.344084739685058594e+00,6.373165607452392578e+00,1.171718597412109375e+01,7.924895763397216797e+00,9.468681335449218750e+00,1.037738418579101562e+01
9.376578330993652344e+00,7.282102584838867188e+00,6.479022979736328125e+00,2.357637882232666016e+00,5.602609157562255859e+00,4.171397209167480469e+00,6.468415260314941406e+00,1.160994720458984375e+01,7.797703742980957031e+00,9.418487548828125000e+00,1.029941272735595703e+01
9.362666130065917969e+00,7.281326293945312500e+00,6.603691101074218750e+00,2.776108264923095703e+00,5.452370166778564453e+00,4.348297119140625000e+00,6.846867561340332031e+00,1.172895336151123047e+01,7.884210109710693359e+00,9.488500595092773438e+00,1.038999938964843750e+01
9.368596076965332031e+00,7.348378181457519531e+00,6.604530334472656250e+00,2.545308113098144531e+00,5.630580902099609375e+00,4.084007740020751953e+00,6.548263072967529297e+00,1.172758007049560547e+01,7.952157020568847656e+00,9.491447448730468750e+00,1.043793201446533203e+01
9.392766952514648438e+00,7.152456283569335938e+00,6.337824344635009766e+00,2.190437316894531250e+00,5.619861125946044922e+00,4.117470264434814453e+00,6.393763065338134766e+00,1.145604991912841797e+01,7.616676330566406250e+00,9.270736694335937500e+00,1.010407924652099609e+01
9.529626846313476562e+00,7.249021530151367188e+00,6.663639545440673828e+00,2.508455276489257812e+00,5.772131919860839844e+00,4.229602813720703125e+00,6.731065273284912109e+00,1.175384712219238281e+01,7.982813835144042969e+00,9.513726234436035156e+00,1.042661476135253906e+01
9.230303764343261719e+00,7.425110816955566406e+00,6.565406799316406250e+00,2.573071479797363281e+00,5.512043952941894531e+00,4.250530242919921875e+00,6.445717334747314453e+00,1.174751853942871094e+01,7.900037765502929688e+00,9.502137184143066406e+00,1.042140769958496094e+01
9.333006858825683594e+00,7.214671134948730469e+00,6.422039985656738281e+00,2.472665786743164062e+00,5.640872478485107422e+00,4.112791061401367188e+00,6.503455638885498047e+00,1.160749626159667969e+01,7.878087997436523438e+00,9.525609016418457031e+00,1.046153640747070312e+01
9.295309066772460938e+00,7.349759101867675781e+00,6.572825431823730469e+00,2.581008911132812500e+00,5.537106037139892578e+00,4.247756004333496094e+00,6.511225700378417969e+00,1.172003936767578125e+01,7.937388420104980469e+00,9.522571563720703125e+00,1.045218372344970703e+01
8.461962699890136719e+00,9.283131599426269531e+00,8.041881561279296875e+00,4.439747810363769531e+00,1.151296138763427734e+01,6.856869220733642578e+00,6.639162540435791016e+00,1.384497547149658203e+01,9.597014427185058594e+00,1.040676403045654297e+01,1.185236167907714844e+01
8.522244453430175781e+00,9.240422248840332031e+00,8.222532272338867188e+00,4.503391265869140625e+00,1.143721485137939453e+01,7.333022594451904297e+00,6.682093143463134766e+00,1.372260951995849609e+01,9.707133293151855469e+00,1.043660449981689453e+01,1.187556457519531250e+01
7.418252944946289062e+00,9.382969856262207031e+00,7.072865009307861328e+00,4.258139610290527344e+00,1.082930850982666016e+01,4.915404319763183594e+00,5.833376407623291016e+00,1.375231361389160156e+01,8.796282768249511719e+00,9.937462806701660156e+00,1.134244537353515625e+01
8.516685485839843750e+00,9.141912460327148438e+00,8.192751884460449219e+00,4.375819206237792969e+00,1.143727207183837891e+01,7.157688617706298828e+00,6.767968654632568359e+00,1.372622585296630859e+01,9.710182189941406250e+00,1.044873237609863281e+01,1.185458755493164062e+01
8.729626655578613281e+00,9.149355888366699219e+00,8.258789062500000000e+00,4.394486427307128906e+00,1.122629833221435547e+01,7.322021961212158203e+00,6.778712272644042969e+00,1.371639347076416016e+01,9.707114219665527344e+00,1.047952747344970703e+01,1.191205596923828125e+01
8.278208732604980469e+00,9.216626167297363281e+00,7.839028358459472656e+00,4.242503166198730469e+00,1.125684356689453125e+01,6.246313571929931641e+00,6.524559974670410156e+00,1.383786296844482422e+01,9.438403129577636719e+00,1.031920051574707031e+01,1.172023582458496094e+01
8.187356948852539062e+00,9.198025703430175781e+00,7.842652320861816406e+00,4.110496044158935547e+00,1.137915897369384766e+01,6.227567672729492188e+00,6.437025547027587891e+00,1.379096603393554688e+01,9.431868553161621094e+00,1.023680686950683594e+01,1.159351634979248047e+01
8.235180854797363281e+00,9.441231727600097656e+00,7.951335430145263672e+00,4.180228233337402344e+00,1.152383804321289062e+01,6.549402236938476562e+00,6.101348400115966797e+00,1.386027526855468750e+01,9.467841148376464844e+00,1.019441509246826172e+01,1.155716705322265625e+01
8.513756752014160156e+00,9.197196960449218750e+00,8.001123428344726562e+00,4.259244918823242188e+00,1.142714118957519531e+01,6.676342487335205078e+00,6.585955142974853516e+00,1.385435581207275391e+01,9.545003890991210938e+00,1.038047313690185547e+01,1.177362823486328125e+01
8.125625610351562500e+00,9.189706802368164062e+00,7.797584056854248047e+00,4.153878688812255859e+00,1.137478542327880859e+01,6.104193687438964844e+00,6.488097667694091797e+00,1.386232185363769531e+01,9.449209213256835938e+00,1.030986118316650391e+01,1.164959812164306641e+01
9.390238761901855469e+00,7.884663581848144531e+00,6.718495368957519531e+00,3.078870773315429688e+00,8.418324470520019531e+00,4.321500778198242188e+00,7.142775058746337891e+00,1.269463253021240234e+01,8.113138198852539062e+00,9.638284683227539062e+00,1.083121490478515625e+01
9.464226722717285156e+00,8.074516296386718750e+00,6.887941360473632812e+00,2.958863258361816406e+00,8.147669792175292969e+00,4.402652740478515625e+00,7.081322193145751953e+00,1.277812290191650391e+01,8.190432548522949219e+00,9.656879425048828125e+00,1.080457592010498047e+01
9.458570480346679688e+00,8.010316848754882812e+00,6.965238571166992188e+00,3.044528484344482422e+00,8.818167686462402344e+00,4.704294204711914062e+00,6.866905689239501953e+00,1.282104969024658203e+01,8.322337150573730469e+00,9.707365036010742188e+00,1.090083408355712891e+01
9.165379524230957031e+00,7.795786857604980469e+00,6.713457107543945312e+00,3.132371902465820312e+00,8.326530456542968750e+00,4.193427562713623047e+00,6.750632762908935547e+00,1.259828472137451172e+01,8.215671539306640625e+00,9.702692031860351562e+00,1.093304729461669922e+01
9.459937095642089844e+00,7.936933517456054688e+00,6.949351310729980469e+00,2.913449287414550781e+00,8.627125740051269531e+00,4.604866504669189453e+00,6.891802787780761719e+00,1.276288032531738281e+01,8.312442779541015625e+00,9.683420181274414062e+00,1.084008884429931641e+01
9.551825523376464844e+00,8.098598480224609375e+00,6.891326904296875000e+00,3.129294872283935547e+00,9.183859825134277344e+00,4.509165763854980469e+00,6.998840332031250000e+00,1.296227741241455078e+01,8.311517715454101562e+00,9.764953613281250000e+00,1.102492904663085938e+01
9.445838928222656250e+00,7.967238426208496094e+00,6.981899738311767578e+00,3.107320785522460938e+00,8.863375663757324219e+00,5.021124362945556641e+00,6.827948093414306641e+00,1.282209968566894531e+01,8.335628509521484375e+00,9.755479812622070312e+00,1.091914176940917969e+01
9.309719085693359375e+00,7.777953147888183594e+00,6.676985740661621094e+00,3.189489364624023438e+00,8.705795288085937500e+00,4.279538154602050781e+00,6.959750175476074219e+00,1.269505691528320312e+01,8.191500663757324219e+00,9.720555305480957031e+00,1.097159194946289062e+01
9.453795433044433594e+00,8.117171287536621094e+00,7.000775337219238281e+00,2.972527027130126953e+00,8.768233299255371094e+00,4.448529243469238281e+00,6.692081451416015625e+00,1.286828327178955078e+01,8.400598526000976562e+00,9.761152267456054688e+00,1.098189353942871094e+01
9.475832939147949219e+00,7.948553085327148438e+00,6.831041336059570312e+00,3.067388534545898438e+00,8.745530128479003906e+00,4.354543685913085938e+00,6.958244323730468750e+00,1.278971576690673828e+01,8.263121604919433594e+00,9.716533660888671875e+00,1.095560836791992188e+01
8.154493331909179688e+00,8.195905685424804688e+00,6.634456634521484375e+00,3.755543708801269531e+00,1.014047622680664062e+01,4.217793464660644531e+00,5.941200733184814453e+00,1.279875469207763672e+01,8.436561584472656250e+00,9.550808906555175781e+00,1.097326850891113281e+01
7.940404891967773438e+00,8.257763862609863281e+00,6.549227714538574219e+00,3.628744602203369141e+00,1.017903900146484375e+01,4.300682067871093750e+00,5.743065834045410156e+00,1.275050735473632812e+01,8.363016128540039062e+00,9.440484046936035156e+00,1.075274181365966797e+01
8.153580665588378906e+00,8.268656730651855469e+00,6.483157157897949219e+00,3.683716297149658203e+00,1.032644176483154297e+01,4.095530033111572266e+00,5.696051120758056641e+00,1.271066761016845703e+01,8.265141487121582031e+00,9.332376480102539062e+00,1.074931335449218750e+01
8.228505134582519531e+00,8.283041000366210938e+00,6.626097679138183594e+00,3.646981716156005859e+00,1.020568370819091797e+01,4.218243598937988281e+00,5.817533016204833984e+00,1.279383754730224609e+01,8.417308807373046875e+00,9.484956741333007812e+00,1.089472007751464844e+01
8.338685035705566406e+00,8.164791107177734375e+00,6.525294780731201172e+00,3.618337154388427734e+00,1.021038913726806641e+01,4.334375381469726562e+00,5.883401393890380859e+00,1.273388767242431641e+01,8.282020568847656250e+00,9.430704116821289062e+00,1.081244850158691406e+01
8.209755897521972656e+00,8.296113014221191406e+00,6.629724502563476562e+00,3.673779964447021484e+00,1.011503696441650391e+01,4.221135616302490234e+00,5.844030380249023438e+00,1.284508132934570312e+01,8.407604217529296875e+00,9.521625518798828125e+00,1.092967319488525391e+01
8.357390403747558594e+00,8.108675956726074219e+00,6.577233314514160156e+00,3.614727020263671875e+00,1.017716312408447266e+01,4.308265686035156250e+00,5.945696353912353516e+00,1.270789527893066406e+01,8.336129188537597656e+00,9.453706741333007812e+00,1.084941959381103516e+01
8.072755813598632812e+00,8.162251472473144531e+00,6.493956565856933594e+00,3.520686149597167969e+00,1.034094810485839844e+01,4.144769668579101562e+00,5.638600826263427734e+00,1.255111217498779297e+01,8.265130043029785156e+00,9.214020729064941406e+00,1.057128620147705078e+01
8.201024055480957031e+00,8.085377693176269531e+00,6.543189048767089844e+00,3.504995346069335938e+00,1.008237934112548828e+01,4.388495922088623047e+00,5.881505966186523438e+00,1.264617633819580078e+01,8.332069396972656250e+00,9.436455726623535156e+00,1.073683643341064453e+01
8.241427421569824219e+00,8.002814292907714844e+00,6.540049552917480469e+00,3.500093460083007812e+00,9.973182678222656250e+00,4.117208480834960938e+00,5.813853740692138672e+00,1.252233028411865234e+01,8.323077201843261719e+00,9.355262756347656250e+00,1.073277473449707031e+01
6.732738494873046875e+00,9.112237930297851562e+00,6.783254146575927734e+00,4.783451080322265625e+00,1.100709342956542969e+01,4.586971282958984375e+00,6.982568264007568359e+00,1.346207332611083984e+01,8.696210861206054688e+00,1.008365535736083984e+01,1.159644126892089844e+01
6.522567749023437500e+00,8.951487541198730469e+00,6.713011741638183594e+00,4.237139225006103516e+00,1.085354995727539062e+01,4.444424152374267578e+00,6.174789428710937500e+00,1.309760189056396484e+01,8.488280296325683594e+00,9.586579322814941406e+00,1.097172927856445312e+01
6.711562156677246094e+00,8.987780570983886719e+00,6.975696086883544922e+00,4.363663673400878906e+00,1.131103897094726562e+01,4.908344745635986328e+00,6.782284259796142578e+00,1.324548625946044922e+01,8.794508934020996094e+00,9.839610099792480469e+00,1.121433353424072266e+01
6.763925552368164062e+00,8.979381561279296875e+00,6.963074684143066406e+00,4.140983581542968750e+00,1.119113254547119141e+01,4.791071891784667969e+00,6.387377262115478516e+00,1.319812583923339844e+01,8.706027030944824219e+00,9.676135063171386719e+00,1.102689743041992188e+01
6.654961585998535156e+00,8.903192520141601562e+00,6.692277908325195312e+00,4.332571029663085938e+00,1.069864749908447266e+01,4.413720130920410156e+00,6.322107315063476562e+00,1.313271236419677734e+01,8.476631164550781250e+00,9.682180404663085938e+00,1.110555648803710938e+01
6.688143730163574219e+00,8.965284347534179688e+00,6.751381397247314453e+00,4.384167671203613281e+00,1.082398128509521484e+01,4.563128948211669922e+00,6.376624584197998047e+00,1.319592285156250000e+01,8.550277709960937500e+00,9.742700576782226562e+00,1.116646194458007812e+01
6.818010330200195312e+00,9.095555305480957031e+00,7.058850765228271484e+00,4.253268241882324219e+00,1.133470249176025391e+01,4.995495796203613281e+00,6.338368892669677734e+00,1.331493091583251953e+01,8.805754661560058594e+00,9.746389389038085938e+00,1.110805892944335938e+01
6.900467872619628906e+00,9.045428276062011719e+00,6.918288230895996094e+00,4.335649013519287109e+00,1.102250957489013672e+01,4.703353404998779297e+00,6.443206787109375000e+00,1.335435867309570312e+01,8.692105293273925781e+00,9.832227706909179688e+00,1.124957275390625000e+01
6.930770874023437500e+00,9.083065986633300781e+00,7.085167884826660156e+00,4.275004863739013672e+00,1.125807762145996094e+01,5.005950450897216797e+00,6.456714153289794922e+00,1.335598278045654297e+01,8.835740089416503906e+00,9.823516845703125000e+00,1.120365715026855469e+01
6.707902908325195312e+00,8.983940124511718750e+00,6.879266738891601562e+00,4.250339508056640625e+00,1.103520011901855469e+01,4.764649868011474609e+00,6.226907253265380859e+00,1.318460178375244141e+01,8.636807441711425781e+00,9.667749404907226562e+00,1.103555107116699219e+01
9.895461082458496094e+00,7.693061828613281250e+00,7.870564937591552734e+00,3.965985774993896484e+00,8.304877281188964844e+00,8.373384475708007812e+00,7.403977870941162109e+00,1.232812595367431641e+01,8.766702651977539062e+00,9.995573043823242188e+00,1.107973766326904297e+01
9.886422157287597656e+00,7.740524291992187500e+00,7.784738540649414062e+00,3.949355125427246094e+00,8.294903755187988281e+00,8.202161788940429688e+00,7.175640106201171875e+00,1.236418819427490234e+01,8.731848716735839844e+00,1.003673934936523438e+01,1.114459609985351562e+01
9.781434059143066406e+00,7.741482734680175781e+00,7.917800903320312500e+00,4.059778213500976562e+00,8.373583793640136719e+00,8.462111473083496094e+00,7.183723449707031250e+00,1.231496906280517578e+01,8.837307929992675781e+00,1.002604866027832031e+01,1.115400314331054688e+01
9.894820213317871094e+00,7.621193885803222656e+00,7.743682861328125000e+00,3.878558635711669922e+00,8.043338775634765625e+00,8.176006317138671875e+00,7.373709678649902344e+00,1.224145889282226562e+01,8.635768890380859375e+00,9.916034698486328125e+00,1.096934700012207031e+01
9.955219268798828125e+00,7.891193389892578125e+00,8.078852653503417969e+00,4.051421642303466797e+00,8.622812271118164062e+00,8.636486053466796875e+00,7.272345066070556641e+00,1.248790264129638672e+01,8.955101013183593750e+00,1.013469886779785156e+01,1.126837158203125000e+01
9.924558639526367188e+00,7.656451225280761719e+00,7.819872379302978516e+00,3.902413845062255859e+00,8.197302818298339844e+00,8.342905044555664062e+00,7.328761577606201172e+00,1.224890041351318359e+01,8.690655708312988281e+00,9.940469741821289062e+00,1.101053905487060547e+01
9.673218727111816406e+00,7.629943847656250000e+00,7.880911827087402344e+00,4.001148700714111328e+00,8.557588577270507812e+00,8.458285331726074219e+00,7.235823154449462891e+00,1.222298336029052734e+01,8.825545310974121094e+00,9.965996742248535156e+00,1.107857322692871094e+01
9.913847923278808594e+00,7.609559059143066406e+00,7.733896255493164062e+00,3.831925868988037109e+00,8.202701568603515625e+00,8.181622505187988281e+00,7.310586929321289062e+00,1.224114036560058594e+01,8.630370140075683594e+00,9.922918319702148438e+00,1.097760391235351562e+01
9.925744056701660156e+00,7.834525108337402344e+00,7.928058147430419922e+00,4.004291534423828125e+00,8.332815170288085938e+00,8.501316070556640625e+00,7.108518123626708984e+00,1.236251163482666016e+01,8.814023971557617188e+00,1.006854534149169922e+01,1.119223499298095703e+01
9.876994132995605469e+00,7.612347602844238281e+00,7.770050048828125000e+00,3.872255325317382812e+00,8.228058815002441406e+00,8.286507606506347656e+00,7.233819961547851562e+00,1.221066093444824219e+01,8.667709350585937500e+00,9.930345535278320312e+00,1.100187301635742188e+01
8.608989715576171875e+00,7.064792633056640625e+00,7.387622833251953125e+00,3.973936557769775391e+00,6.967898845672607422e+00,7.196523666381835938e+00,8.796828269958496094e+00,1.115112972259521484e+01,8.479756355285644531e+00,9.307268142700195312e+00,1.028973102569580078e+01
8.520020484924316406e+00,6.969734191894531250e+00,7.337511062622070312e+00,3.861245155334472656e+00,7.063488483428955078e+00,7.103007316589355469e+00,8.928400039672851562e+00,1.110098171234130859e+01,8.479428291320800781e+00,9.308122634887695312e+00,1.025522232055664062e+01
8.573336601257324219e+00,7.211293220520019531e+00,7.575165748596191406e+00,3.997555255889892578e+00,7.504445552825927734e+00,7.448331356048583984e+00,9.234619140625000000e+00,1.133313941955566406e+01,8.707764625549316406e+00,9.501865386962890625e+00,1.049469852447509766e+01
8.509636878967285156e+00,7.114357948303222656e+00,7.512321472167968750e+00,3.931637287139892578e+00,7.427641868591308594e+00,7.351789951324462891e+00,9.151688575744628906e+00,1.123323535919189453e+01,8.646864891052246094e+00,9.436717987060546875e+00,1.040986824035644531e+01
8.556297302246093750e+00,7.253498077392578125e+00,7.634826660156250000e+00,3.994448184967041016e+00,7.632814407348632812e+00,7.503368854522705078e+00,9.351160049438476562e+00,1.138451766967773438e+01,8.765543937683105469e+00,9.545173645019531250e+00,1.053498649597167969e+01
8.638897895812988281e+00,7.290736198425292969e+00,7.625561714172363281e+00,4.041160583496093750e+00,7.494441986083984375e+00,7.463997840881347656e+00,9.270489692687988281e+00,1.144595241546630859e+01,8.741908073425292969e+00,9.554399490356445312e+00,1.054722976684570312e+01
8.569691658020019531e+00,7.172430038452148438e+00,7.533379554748535156e+00,3.922841548919677734e+00,7.455100536346435547e+00,7.295862674713134766e+00,9.329853057861328125e+00,1.137739849090576172e+01,8.678075790405273438e+00,9.500629425048828125e+00,1.045095729827880859e+01
8.595576286315917969e+00,7.232971191406250000e+00,7.618358612060546875e+00,4.026659965515136719e+00,7.466944694519042969e+00,7.434645652770996094e+00,9.140010833740234375e+00,1.141615486145019531e+01,8.754147529602050781e+00,9.567758560180664062e+00,1.056809616088867188e+01
8.576464653015136719e+00,7.247434616088867188e+00,7.635963916778564453e+00,4.023751735687255859e+00,7.524883270263671875e+00,7.480020999908447266e+00,9.203019142150878906e+00,1.139339542388916016e+01,8.787426948547363281e+00,9.585764884948730469e+00,1.059057044982910156e+01
8.565804481506347656e+00,7.004261016845703125e+00,7.385823249816894531e+00,3.873428344726562500e+00,7.048293113708496094e+00,7.039733886718750000e+00,8.933329582214355469e+00,1.125272750854492188e+01,8.556429862976074219e+00,9.427764892578125000e+00,1.036773300170898438e+01
