7.850572586059570312e+00,7.784458160400390625e+00,2.199335098266601562e+00,7.285171985626220703e+00,4.406757354736328125e+00,1.027772903442382812e+01,7.359698772430419922e+00,9.046692848205566406e+00,1.188078117370605469e+01,1.009531021118164062e+01,1.049625682830810547e+01,1.172134017944335938e+01
7.763045310974121094e+00,8.094465255737304688e+00,2.173042774200439453e+00,7.112837791442871094e+00,4.406868934631347656e+00,1.030711364746093750e+01,6.917340278625488281e+00,8.312551498413085938e+00,1.172804832458496094e+01,1.010014247894287109e+01,1.066171741485595703e+01,1.181843566894531250e+01
7.618806362152099609e+00,7.729807376861572266e+00,2.077572107315063477e+00,6.886214733123779297e+00,4.231664180755615234e+00,9.908802986145019531e+00,6.504516601562500000e+00,8.561753273010253906e+00,1.133520030975341797e+01,9.864954948425292969e+00,1.038934803009033203e+01,1.164707469940185547e+01
7.820202350616455078e+00,7.788784980773925781e+00,1.994093894958496094e+00,6.790318012237548828e+00,4.242495536804199219e+00,1.030102920532226562e+01,6.686854362487792969e+00,8.333084106445312500e+00,1.103929519653320312e+01,9.666945457458496094e+00,9.934754371643066406e+00,1.141951751708984375e+01
7.739666461944580078e+00,8.030442237854003906e+00,1.977215647697448730e+00,7.038674831390380859e+00,4.662818908691406250e+00,9.889494895935058594e+00,6.776933670043945312e+00,9.686392784118652344e+00,1.171904182434082031e+01,9.739919662475585938e+00,1.077876281738281250e+01,1.187389755249023438e+01
7.884457111358642578e+00,7.965246200561523438e+00,2.233249425888061523e+00,7.285662651062011719e+00,4.701263427734375000e+00,9.924676895141601562e+00,7.230612754821777344e+00,9.552550315856933594e+00,1.203879642486572266e+01,1.007648849487304688e+01,1.081302356719970703e+01,1.189751338958740234e+01
7.879136562347412109e+00,7.916088104248046875e+00,2.250228166580200195e+00,7.426876544952392578e+00,4.676496505737304688e+00,1.023283195495605469e+01,7.274011611938476562e+00,9.491976737976074219e+00,1.202363967895507812e+01,1.000226783752441406e+01,1.072410297393798828e+01,1.185030937194824219e+01
8.388340950012207031e+00,7.671653747558593750e+00,2.986702203750610352e+00,7.695127010345458984e+00,4.490634918212890625e+00,9.917988777160644531e+00,7.091930389404296875e+00,9.678938865661621094e+00,1.274073410034179688e+01,1.035461807250976562e+01,1.080461788177490234e+01,1.172583007812500000e+01
7.677687644958496094e+00,8.002731323242187500e+00,1.990242600440979004e+00,7.139406204223632812e+00,4.682695388793945312e+00,1.014873790740966797e+01,7.115206718444824219e+00,9.321963310241699219e+00,1.168463611602783203e+01,9.888325691223144531e+00,1.064847278594970703e+01,1.187209510803222656e+01
8.175176620483398438e+00,7.712185382843017578e+00,2.511866092681884766e+00,7.177558422088623047e+00,4.386141777038574219e+00,9.334462165832519531e+00,6.758171081542968750e+00,9.826165199279785156e+00,1.181752109527587891e+01,9.930621147155761719e+00,1.054760074615478516e+01,1.176730728149414062e+01
8.822315216064453125e+00,8.546595573425292969e+00,2.336256742477416992e+00,8.452406883239746094e+00,5.059639930725097656e+00,1.136344146728515625e+01,8.539383888244628906e+00,1.053499317169189453e+01,1.332794284820556641e+01,9.584593772888183594e+00,1.102728557586669922e+01,1.260726833343505859e+01
8.754459381103515625e+00,8.432320594787597656e+00,2.547433853149414062e+00,8.667896270751953125e+00,5.330558776855468750e+00,1.159062385559082031e+01,8.357828140258789062e+00,1.049439144134521484e+01,1.333780956268310547e+01,9.795621871948242188e+00,1.113540554046630859e+01,1.281776428222656250e+01
8.605615615844726562e+00,8.789645195007324219e+00,2.653627634048461914e+00,8.508526802062988281e+00,5.398833274841308594e+00,1.125477600097656250e+01,8.516271591186523438e+00,1.147824478149414062e+01,1.312337875366210938e+01,9.675451278686523438e+00,1.092731857299804688e+01,1.251412773132324219e+01
8.763646125793457031e+00,8.362925529479980469e+00,2.474331617355346680e+00,8.647587776184082031e+00,5.232771873474121094e+00,1.146170616149902344e+01,8.328523635864257812e+00,1.007918167114257812e+01,1.334486484527587891e+01,9.711594581604003906e+00,1.115029335021972656e+01,1.276444339752197266e+01
8.719633102416992188e+00,8.731552124023437500e+00,2.701935291290283203e+00,8.560268402099609375e+00,5.669939994812011719e+00,1.133124351501464844e+01,8.572949409484863281e+00,1.102060127258300781e+01,1.335255432128906250e+01,9.835567474365234375e+00,1.102602863311767578e+01,1.270585441589355469e+01
8.626317977905273438e+00,8.633144378662109375e+00,2.390904903411865234e+00,8.457721710205078125e+00,5.171216011047363281e+00,1.126696205139160156e+01,8.662980079650878906e+00,1.153253269195556641e+01,1.307873725891113281e+01,9.625517845153808594e+00,1.093546295166015625e+01,1.247926139831542969e+01
8.924231529235839844e+00,8.168255805969238281e+00,2.281644105911254883e+00,8.745415687561035156e+00,5.661290168762207031e+00,1.180208206176757812e+01,8.530247688293457031e+00,9.449865341186523438e+00,1.361911582946777344e+01,1.004333972930908203e+01,1.117232799530029297e+01,1.298886394500732422e+01
8.642957687377929688e+00,8.834855079650878906e+00,2.628471374511718750e+00,8.412228584289550781e+00,5.481936454772949219e+00,1.137508678436279297e+01,8.448283195495605469e+00,1.157970046997070312e+01,1.343601608276367188e+01,9.694036483764648438e+00,1.095878219604492188e+01,1.266911411285400391e+01
8.823076248168945312e+00,7.904597282409667969e+00,2.544595479965209961e+00,8.598773956298828125e+00,5.008675575256347656e+00,1.174368572235107422e+01,8.255096435546875000e+00,9.649739265441894531e+00,1.353454017639160156e+01,9.835883140563964844e+00,1.089016342163085938e+01,1.280683517456054688e+01
8.920984268188476562e+00,7.568448066711425781e+00,2.488440990447998047e+00,8.846663475036621094e+00,5.402050018310546875e+00,1.194631004333496094e+01,8.337263107299804688e+00,8.845727920532226562e+00,1.359860229492187500e+01,9.982049942016601562e+00,1.115169525146484375e+01,1.287191677093505859e+01
8.810663223266601562e+00,8.412688255310058594e+00,2.460990667343139648e+00,8.463625907897949219e+00,5.536579132080078125e+00,1.040280342102050781e+01,7.523310661315917969e+00,1.094522094726562500e+01,1.330683994293212891e+01,9.964840888977050781e+00,1.177907276153564453e+01,1.237946128845214844e+01
8.815747261047363281e+00,8.717485427856445312e+00,2.383279561996459961e+00,8.535385131835937500e+00,5.630842208862304688e+00,9.673135757446289062e+00,7.540051460266113281e+00,1.039989280700683594e+01,1.336901092529296875e+01,9.859095573425292969e+00,1.175866317749023438e+01,1.259107017517089844e+01
8.827365875244140625e+00,8.665387153625488281e+00,2.308351278305053711e+00,8.629197120666503906e+00,5.630098342895507812e+00,9.751699447631835938e+00,7.670396327972412109e+00,1.053936290740966797e+01,1.317380619049072266e+01,9.938930511474609375e+00,1.173300266265869141e+01,1.257458209991455078e+01
8.797486305236816406e+00,8.459115028381347656e+00,2.427526235580444336e+00,8.491147041320800781e+00,5.456623077392578125e+00,1.017352676391601562e+01,7.527538776397705078e+00,1.092865657806396484e+01,1.316888046264648438e+01,9.992392539978027344e+00,1.180029106140136719e+01,1.242556762695312500e+01
8.830579757690429688e+00,8.556273460388183594e+00,2.387962102890014648e+00,8.475374221801757812e+00,5.484886169433593750e+00,9.978219985961914062e+00,7.589061260223388672e+00,1.058676242828369141e+01,1.321343517303466797e+01,9.892404556274414062e+00,1.176340103149414062e+01,1.249377250671386719e+01
8.860109329223632812e+00,8.427322387695312500e+00,2.485612392425537109e+00,8.460671424865722656e+00,5.434740066528320312e+00,1.025400733947753906e+01,7.524226188659667969e+00,1.104406166076660156e+01,1.323500823974609375e+01,1.001618385314941406e+01,1.179131793975830078e+01,1.238867950439453125e+01
8.796155929565429688e+00,8.532333374023437500e+00,2.428782224655151367e+00,8.479001998901367188e+00,5.451811790466308594e+00,1.003278923034667969e+01,7.501094818115234375e+00,1.082154178619384766e+01,1.316668796539306641e+01,9.933775901794433594e+00,1.175755977630615234e+01,1.247044849395751953e+01
8.815698623657226562e+00,8.658556938171386719e+00,2.364754915237426758e+00,8.490460395812988281e+00,5.554637908935546875e+00,9.532314300537109375e+00,7.500899314880371094e+00,1.033468151092529297e+01,1.327384376525878906e+01,9.839597702026367188e+00,1.177174854278564453e+01,1.259344959259033203e+01
8.788532257080078125e+00,8.469875335693359375e+00,2.419352054595947266e+00,8.422713279724121094e+00,5.522569656372070312e+00,1.020347213745117188e+01,7.499083995819091797e+00,1.089122390747070312e+01,1.323189067840576172e+01,9.910191535949707031e+00,1.175488948822021484e+01,1.243213367462158203e+01
8.838351249694824219e+00,8.452846527099609375e+00,2.581900358200073242e+00,8.338285446166992188e+00,5.278818130493164062e+00,1.019494628906250000e+01,7.344861984252929688e+00,1.111397838592529297e+01,1.332105731964111328e+01,9.918922424316406250e+00,1.181450557708740234e+01,1.237812900543212891e+01
8.654510498046875000e+00,7.143105506896972656e+00,3.314605474472045898e+00,7.355650424957275391e+00,4.246324539184570312e+00,1.036265468597412109e+01,5.898198127746582031e+00,8.210566520690917969e+00,1.249712371826171875e+01,9.459136009216308594e+00,1.014852523803710938e+01,1.199744319915771484e+01
8.759165763854980469e+00,7.074260711669921875e+00,3.130554914474487305e+00,7.427117347717285156e+00,4.248951911926269531e+00,1.040434932708740234e+01,5.634960174560546875e+00,8.050207138061523438e+00,1.249845600128173828e+01,9.401877403259277344e+00,9.864557266235351562e+00,1.182305431365966797e+01
8.743168830871582031e+00,7.258889198303222656e+00,3.532759904861450195e+00,8.042260169982910156e+00,4.659042358398437500e+00,1.094546127319335938e+01,6.317411422729492188e+00,8.703098297119140625e+00,1.275013160705566406e+01,9.767757415771484375e+00,1.002632617950439453e+01,1.160464191436767578e+01
8.661231040954589844e+00,7.059816837310791016e+00,3.093653917312622070e+00,7.565634250640869141e+00,4.540309906005859375e+00,1.059914207458496094e+01,5.605693817138671875e+00,8.287071228027343750e+00,1.245350360870361328e+01,9.307277679443359375e+00,9.659272193908691406e+00,1.165723705291748047e+01
8.889451980590820312e+00,7.490375518798828125e+00,3.692798376083374023e+00,7.666866779327392578e+00,4.726451873779296875e+00,1.074628925323486328e+01,5.561159133911132812e+00,8.765231132507324219e+00,1.277970123291015625e+01,9.526855468750000000e+00,1.009228229522705078e+01,1.155862903594970703e+01
8.816982269287109375e+00,7.367412567138671875e+00,3.493354558944702148e+00,7.406793117523193359e+00,4.545781135559082031e+00,1.067406272888183594e+01,5.455599308013916016e+00,8.487346649169921875e+00,1.264194393157958984e+01,9.337890625000000000e+00,9.996380805969238281e+00,1.170138168334960938e+01
8.707274436950683594e+00,7.395263671875000000e+00,3.486213922500610352e+00,7.609114170074462891e+00,4.694319725036621094e+00,1.108646583557128906e+01,5.708356857299804688e+00,8.419542312622070312e+00,1.288031387329101562e+01,9.579875946044921875e+00,1.001867580413818359e+01,1.159017372131347656e+01
8.676200866699218750e+00,6.978492259979248047e+00,3.269798517227172852e+00,7.988595008850097656e+00,4.531683921813964844e+00,1.034478569030761719e+01,6.287716865539550781e+00,8.795649528503417969e+00,1.247690200805664062e+01,9.689783096313476562e+00,9.866786003112792969e+00,1.178625488281250000e+01
8.655007362365722656e+00,6.692405700683593750e+00,3.054568529129028320e+00,7.769788742065429688e+00,4.785546302795410156e+00,1.004632377624511719e+01,6.702348232269287109e+00,8.562010765075683594e+00,1.236575794219970703e+01,9.633676528930664062e+00,9.743095397949218750e+00,1.177006626129150391e+01
8.853755950927734375e+00,7.388715744018554688e+00,3.719536304473876953e+00,7.782745838165283203e+00,4.782263755798339844e+00,1.103204345703125000e+01,5.609821319580078125e+00,8.807389259338378906e+00,1.277210807800292969e+01,9.497020721435546875e+00,9.962775230407714844e+00,1.150359249114990234e+01
9.204393386840820312e+00,8.259932518005371094e+00,3.246755599975585938e+00,8.630712509155273438e+00,4.076122283935546875e+00,6.292790412902832031e+00,5.525570869445800781e+00,8.505171775817871094e+00,1.301926422119140625e+01,9.526467323303222656e+00,1.054289627075195312e+01,1.181496334075927734e+01
9.062129020690917969e+00,7.971385955810546875e+00,2.925877809524536133e+00,8.313998222351074219e+00,3.977794408798217773e+00,6.239459991455078125e+00,5.207903861999511719e+00,8.145005226135253906e+00,1.278958320617675781e+01,9.118560791015625000e+00,1.066547584533691406e+01,1.148782157897949219e+01
9.209079742431640625e+00,8.031024932861328125e+00,3.287513494491577148e+00,8.528578758239746094e+00,3.833830833435058594e+00,6.241261482238769531e+00,5.257809162139892578e+00,8.386500358581542969e+00,1.283439254760742188e+01,9.483802795410156250e+00,1.043518924713134766e+01,1.171687316894531250e+01
9.137828826904296875e+00,8.199693679809570312e+00,3.238869905471801758e+00,8.765360832214355469e+00,4.672449111938476562e+00,6.479042053222656250e+00,5.949347496032714844e+00,8.014711380004882812e+00,1.309934043884277344e+01,9.622916221618652344e+00,1.060500907897949219e+01,1.192579555511474609e+01
9.186093330383300781e+00,7.998405456542968750e+00,3.271792173385620117e+00,8.658766746520996094e+00,4.135201454162597656e+00,6.399630546569824219e+00,5.656454086303710938e+00,8.334278106689453125e+00,1.290605354309082031e+01,9.575313568115234375e+00,1.056383514404296875e+01,1.176104164123535156e+01
9.079897880554199219e+00,7.619495391845703125e+00,3.035795450210571289e+00,8.453784942626953125e+00,3.590738773345947266e+00,6.166888236999511719e+00,4.847087860107421875e+00,8.217448234558105469e+00,1.256706237792968750e+01,9.485263824462890625e+00,1.039979362487792969e+01,1.153545188903808594e+01
9.281536102294921875e+00,8.021244049072265625e+00,3.191024541854858398e+00,8.735754013061523438e+00,4.214936256408691406e+00,6.530423164367675781e+00,5.785207748413085938e+00,8.540159225463867188e+00,1.293355178833007812e+01,9.700496673583984375e+00,1.057571887969970703e+01,1.187274169921875000e+01
9.077623367309570312e+00,7.589034080505371094e+00,3.116654634475708008e+00,8.481882095336914062e+00,3.534228563308715820e+00,6.218292236328125000e+00,4.951192855834960938e+00,8.339240074157714844e+00,1.255521869659423828e+01,9.600606918334960938e+00,1.035313129425048828e+01,1.152597427368164062e+01
9.055484771728515625e+00,7.496680259704589844e+00,3.129906177520751953e+00,8.464385032653808594e+00,3.454125642776489258e+00,6.176546096801757812e+00,4.944354534149169922e+00,8.464294433593750000e+00,1.254293823242187500e+01,9.588453292846679688e+00,1.031768035888671875e+01,1.148988723754882812e+01
9.144439697265625000e+00,7.400073528289794922e+00,3.210206747055053711e+00,8.523354530334472656e+00,3.421066284179687500e+00,6.122397422790527344e+00,5.101480484008789062e+00,8.407582283020019531e+00,1.236725425720214844e+01,9.614030838012695312e+00,1.028225612640380859e+01,1.145187950134277344e+01
9.188234329223632812e+00,7.368575096130371094e+00,3.078248977661132812e+00,8.283635139465332031e+00,2.435723304748535156e+00,6.464302062988281250e+00,4.887475967407226562e+00,9.630324363708496094e+00,1.183450698852539062e+01,9.507344245910644531e+00,1.028796672821044922e+01,1.130838203430175781e+01
9.137826919555664062e+00,7.086568832397460938e+00,3.033425092697143555e+00,8.409050941467285156e+00,2.433525800704956055e+00,6.543537139892578125e+00,4.781525611877441406e+00,9.604456901550292969e+00,1.195310211181640625e+01,9.613289833068847656e+00,1.033450222015380859e+01,1.134367942810058594e+01
9.492833137512207031e+00,7.070627689361572266e+00,3.043379545211791992e+00,8.574169158935546875e+00,3.406831026077270508e+00,6.661757469177246094e+00,5.056796073913574219e+00,9.761457443237304688e+00,1.209398651123046875e+01,1.032803821563720703e+01,1.066668701171875000e+01,1.173598098754882812e+01
9.200559616088867188e+00,6.936234951019287109e+00,3.116485357284545898e+00,8.427652359008789062e+00,2.510187625885009766e+00,6.448199272155761719e+00,4.521481513977050781e+00,9.647378921508789062e+00,1.210995674133300781e+01,9.751239776611328125e+00,1.031103801727294922e+01,1.134819221496582031e+01
9.406389236450195312e+00,7.577560901641845703e+00,3.129702091217041016e+00,8.491056442260742188e+00,2.809707164764404297e+00,6.370284080505371094e+00,5.079288005828857422e+00,9.391738891601562500e+00,1.173476314544677734e+01,9.643224716186523438e+00,1.038474464416503906e+01,1.141215515136718750e+01
9.287534713745117188e+00,7.239937305450439453e+00,3.180837869644165039e+00,8.458882331848144531e+00,2.555531501770019531e+00,6.406500816345214844e+00,4.867828845977783203e+00,9.683516502380371094e+00,1.188578701019287109e+01,9.589639663696289062e+00,1.025571060180664062e+01,1.129058361053466797e+01
9.538951873779296875e+00,7.494152069091796875e+00,3.691781997680664062e+00,8.206997871398925781e+00,2.465077400207519531e+00,6.433368682861328125e+00,4.743087768554687500e+00,9.512757301330566406e+00,1.198398399353027344e+01,9.320598602294921875e+00,9.993568420410156250e+00,1.118889427185058594e+01
9.557623863220214844e+00,7.164066314697265625e+00,3.300250053405761719e+00,8.434115409851074219e+00,2.818790912628173828e+00,6.383750915527343750e+00,4.393653869628906250e+00,9.866080284118652344e+00,1.247983932495117188e+01,9.665880203247070312e+00,1.021812343597412109e+01,1.128411579132080078e+01
9.260355949401855469e+00,7.136503696441650391e+00,3.270183324813842773e+00,8.329973220825195312e+00,2.298120498657226562e+00,6.404842376708984375e+00,4.443569660186767578e+00,9.694338798522949219e+00,1.235663509368896484e+01,9.393329620361328125e+00,1.016063213348388672e+01,1.128417587280273438e+01
9.578689575195312500e+00,7.488505363464355469e+00,3.358867168426513672e+00,8.450453758239746094e+00,2.859758615493774414e+00,6.362974166870117188e+00,5.035113811492919922e+00,9.535062789916992188e+00,1.184117317199707031e+01,9.745132446289062500e+00,1.039081954956054688e+01,1.141045570373535156e+01
9.481577873229980469e+00,6.976363658905029297e+00,2.857340574264526367e+00,8.165453910827636719e+00,2.534420490264892578e+00,6.171828269958496094e+00,4.514479637145996094e+00,9.938428878784179688e+00,1.187627410888671875e+01,9.743290901184082031e+00,1.030602455139160156e+01,1.155412387847900391e+01
9.139485359191894531e+00,6.714821815490722656e+00,2.960862874984741211e+00,8.150082588195800781e+00,2.334589004516601562e+00,6.260977745056152344e+00,4.350953578948974609e+00,9.631220817565917969e+00,1.211702728271484375e+01,9.416934967041015625e+00,1.016630649566650391e+01,1.127546501159667969e+01
8.557975769042968750e+00,6.985454559326171875e+00,2.754458427429199219e+00,7.572612285614013672e+00,2.179976463317871094e+00,6.235499382019042969e+00,4.653445720672607422e+00,9.087459564208984375e+00,1.135024261474609375e+01,8.943867683410644531e+00,1.000901889801025391e+01,1.119310188293457031e+01
1.038897514343261719e+01,7.114032268524169922e+00,2.987237215042114258e+00,8.433255195617675781e+00,2.618505716323852539e+00,5.927919387817382812e+00,4.359383583068847656e+00,1.010395908355712891e+01,1.219993972778320312e+01,1.010506916046142578e+01,1.028195476531982422e+01,1.151931762695312500e+01
9.757587432861328125e+00,7.109261512756347656e+00,3.014395475387573242e+00,8.122802734375000000e+00,2.568470001220703125e+00,6.068818092346191406e+00,4.438466072082519531e+00,9.930024147033691406e+00,1.186840820312500000e+01,9.727759361267089844e+00,1.009985542297363281e+01,1.127923011779785156e+01
1.003897476196289062e+01,7.115738868713378906e+00,3.141301393508911133e+00,8.206450462341308594e+00,2.560128927230834961e+00,5.989067077636718750e+00,4.541790485382080078e+00,1.007357692718505859e+01,1.200117492675781250e+01,9.776860237121582031e+00,1.008946418762207031e+01,1.119701576232910156e+01
8.803881645202636719e+00,7.289138793945312500e+00,2.774202346801757812e+00,7.827977657318115234e+00,2.416499614715576172e+00,6.199316978454589844e+00,4.824832439422607422e+00,9.227583885192871094e+00,1.131220436096191406e+01,9.190056800842285156e+00,9.962639808654785156e+00,1.116953849792480469e+01
9.764799118041992188e+00,6.752544879913330078e+00,2.999792337417602539e+00,8.443389892578125000e+00,2.577696323394775391e+00,6.251230239868164062e+00,4.491098403930664062e+00,1.010316658020019531e+01,1.210751724243164062e+01,1.018113899230957031e+01,1.048097991943359375e+01,1.158954238891601562e+01
9.184023857116699219e+00,7.061803340911865234e+00,2.776939153671264648e+00,7.849954128265380859e+00,2.422149658203125000e+00,6.046170234680175781e+00,4.638792037963867188e+00,9.367123603820800781e+00,1.163144207000732422e+01,9.443583488464355469e+00,1.022993087768554688e+01,1.151323318481445312e+01
8.871065139770507812e+00,7.303477764129638672e+00,2.544171333312988281e+00,7.875460147857666016e+00,2.513654947280883789e+00,6.132850646972656250e+00,4.600652694702148438e+00,8.989731788635253906e+00,1.159958267211914062e+01,9.303991317749023438e+00,1.017887687683105469e+01,1.140236854553222656e+01
9.426078796386718750e+00,7.411406517028808594e+00,4.096407413482666016e+00,7.495354652404785156e+00,3.009088039398193359e+00,6.317827224731445312e+00,5.232793807983398438e+00,1.039524745941162109e+01,1.141803646087646484e+01,8.903398513793945312e+00,1.015563869476318359e+01,1.090007781982421875e+01
9.746495246887207031e+00,7.799368381500244141e+00,5.382879734039306641e+00,7.826697349548339844e+00,3.061045885086059570e+00,6.445313453674316406e+00,5.478721618652343750e+00,1.106339263916015625e+01,1.138924694061279297e+01,9.393655776977539062e+00,1.027868461608886719e+01,1.112630939483642578e+01
9.905876159667968750e+00,8.266087532043457031e+00,5.909263134002685547e+00,7.955849170684814453e+00,3.134134292602539062e+00,7.002924919128417969e+00,5.726240158081054688e+00,1.200413322448730469e+01,1.190122795104980469e+01,9.543719291687011719e+00,1.063651752471923828e+01,1.134254837036132812e+01
1.064665889739990234e+01,8.712230682373046875e+00,7.492298603057861328e+00,8.063125610351562500e+00,3.191350460052490234e+00,6.942091941833496094e+00,5.875527858734130859e+00,1.261855411529541016e+01,1.207132816314697266e+01,9.561887741088867188e+00,1.067391490936279297e+01,1.138972377777099609e+01
9.726133346557617188e+00,7.734604835510253906e+00,4.654248237609863281e+00,8.043551445007324219e+00,3.351840734481811523e+00,7.558756828308105469e+00,5.600381374359130859e+00,1.163368606567382812e+01,1.213958168029785156e+01,9.656195640563964844e+00,1.085099983215332031e+01,1.156268596649169922e+01
1.065183925628662109e+01,8.737214088439941406e+00,7.212701797485351562e+00,8.152548789978027344e+00,3.161385774612426758e+00,7.206711769104003906e+00,5.854105472564697266e+00,1.289908027648925781e+01,1.211843299865722656e+01,9.742143630981445312e+00,1.084143066406250000e+01,1.157354164123535156e+01
1.160609531402587891e+01,9.560252189636230469e+00,1.052665424346923828e+01,7.937026977539062500e+00,2.958017110824584961e+00,7.013960838317871094e+00,6.120440959930419922e+00,1.412894725799560547e+01,1.185032081604003906e+01,9.675147056579589844e+00,1.083161449432373047e+01,1.145225524902343750e+01
1.070435810089111328e+01,9.061214447021484375e+00,8.138498306274414062e+00,8.122589111328125000e+00,3.042580842971801758e+00,6.898689270019531250e+00,5.859240531921386719e+00,1.254639720916748047e+01,1.186023998260498047e+01,9.769959449768066406e+00,1.090383338928222656e+01,1.159389972686767578e+01
1.157061100006103516e+01,9.438477516174316406e+00,1.030645084381103516e+01,7.916143894195556641e+00,2.833412647247314453e+00,6.926793098449707031e+00,6.017451286315917969e+00,1.348687648773193359e+01,1.175697612762451172e+01,9.568870544433593750e+00,1.072440338134765625e+01,1.138156890869140625e+01
1.127498626708984375e+01,9.447629928588867188e+00,9.531511306762695312e+00,8.040690422058105469e+00,3.017855882644653320e+00,6.962055206298828125e+00,6.060777664184570312e+00,1.344325542449951172e+01,1.197929477691650391e+01,9.651298522949218750e+00,1.082682037353515625e+01,1.154481220245361328e+01
9.274725914001464844e+00,7.547774314880371094e+00,3.353071928024291992e+00,7.723544597625732422e+00,5.452122688293457031e+00,8.033869743347167969e+00,4.913845062255859375e+00,1.008835601806640625e+01,1.255364608764648438e+01,9.154289245605468750e+00,9.974432945251464844e+00,1.147288513183593750e+01
8.959610939025878906e+00,7.524387836456298828e+00,3.431284189224243164e+00,7.865359783172607422e+00,2.507917404174804688e+00,6.307155609130859375e+00,5.038625240325927734e+00,9.810024261474609375e+00,1.175962066650390625e+01,9.013992309570312500e+00,9.898668289184570312e+00,1.096354293823242188e+01
8.916320800781250000e+00,7.080419540405273438e+00,3.200979709625244141e+00,7.292087554931640625e+00,2.146840333938598633e+00,6.121788024902343750e+00,4.773295402526855469e+00,9.284090042114257812e+00,1.116183948516845703e+01,8.776742935180664062e+00,9.704277038574218750e+00,1.081579971313476562e+01
9.770193099975585938e+00,7.869407653808593750e+00,4.163946628570556641e+00,7.755999565124511719e+00,5.371677398681640625e+00,7.389715194702148438e+00,5.274096488952636719e+00,1.004958343505859375e+01,1.230114364624023438e+01,9.396759986877441406e+00,1.040576839447021484e+01,1.167597007751464844e+01
9.230927467346191406e+00,7.353823661804199219e+00,3.946830034255981445e+00,7.447963237762451172e+00,2.291824817657470703e+00,6.203219413757324219e+00,4.955719947814941406e+00,9.374911308288574219e+00,1.120433902740478516e+01,8.819314956665039062e+00,9.817770004272460938e+00,1.097007274627685547e+01
8.898507118225097656e+00,7.427593231201171875e+00,3.575179576873779297e+00,7.144872188568115234e+00,2.262316703796386719e+00,6.187883377075195312e+00,4.943427562713623047e+00,9.033647537231445312e+00,1.096126937866210938e+01,8.711194992065429688e+00,9.775218009948730469e+00,1.100295257568359375e+01
9.666283607482910156e+00,7.382086277008056641e+00,4.399296283721923828e+00,7.378674030303955078e+00,2.362031459808349609e+00,6.006785392761230469e+00,4.835830688476562500e+00,8.989627838134765625e+00,1.116954803466796875e+01,8.869655609130859375e+00,9.763144493103027344e+00,1.094096374511718750e+01
9.675898551940917969e+00,8.281228065490722656e+00,3.593796968460083008e+00,8.197578430175781250e+00,4.514725685119628906e+00,7.451272964477539062e+00,5.859991073608398438e+00,1.082411098480224609e+01,1.226541042327880859e+01,9.411649703979492188e+00,1.014296531677246094e+01,1.156701087951660156e+01
9.824138641357421875e+00,7.442212104797363281e+00,5.054559707641601562e+00,7.228016376495361328e+00,2.254886627197265625e+00,6.020839691162109375e+00,4.794606685638427734e+00,8.954430580139160156e+00,1.088849639892578125e+01,8.851951599121093750e+00,9.622231483459472656e+00,1.093354701995849609e+01
9.612257957458496094e+00,7.123014450073242188e+00,3.252218961715698242e+00,7.988621234893798828e+00,2.376665115356445312e+00,6.013546943664550781e+00,4.820040702819824219e+00,9.869192123413085938e+00,1.163062286376953125e+01,9.475719451904296875e+00,9.977978706359863281e+00,1.108239746093750000e+01
