8.331004142761230469e+00,8.325458526611328125e+00,7.185498237609863281e+00,4.328156948089599609e+00,1.050350761413574219e+01,7.168087005615234375e+00,7.179712295532226562e+00,1.300069808959960938e+01,1.030860900878906250e+01,1.083667278289794922e+01,1.156443691253662109e+01
7.467329978942871094e+00,9.291119575500488281e+00,6.219674110412597656e+00,4.368760585784912109e+00,1.055671501159667969e+01,5.065793991088867188e+00,5.911331176757812500e+00,1.171275234222412109e+01,9.393447875976562500e+00,1.028468513488769531e+01,1.115261173248291016e+01
7.627242088317871094e+00,8.769405364990234375e+00,6.027337074279785156e+00,4.601263999938964844e+00,1.026204967498779297e+01,5.202958106994628906e+00,6.308284282684326172e+00,1.144239521026611328e+01,9.281505584716796875e+00,1.026741313934326172e+01,1.130571556091308594e+01
8.310221672058105469e+00,8.349983215332031250e+00,6.441303253173828125e+00,4.420067787170410156e+00,1.028348922729492188e+01,6.042057991027832031e+00,7.150851726531982422e+00,1.199322414398193359e+01,9.807682991027832031e+00,1.029583644866943359e+01,1.127015876770019531e+01
7.845632076263427734e+00,8.651782035827636719e+00,6.770116806030273438e+00,5.128251075744628906e+00,1.056882953643798828e+01,6.270636081695556641e+00,6.897714138031005859e+00,1.231651401519775391e+01,9.697178840637207031e+00,1.074331855773925781e+01,1.177756309509277344e+01
7.909160137176513672e+00,9.308484077453613281e+00,7.674392700195312500e+00,4.919521808624267578e+00,1.105246257781982422e+01,7.191864013671875000e+00,6.915382385253906250e+00,1.334144878387451172e+01,1.014192390441894531e+01,1.107492542266845703e+01,1.171586227416992188e+01
8.072055816650390625e+00,9.096219062805175781e+00,7.530545234680175781e+00,4.430895328521728516e+00,1.118076419830322266e+01,6.893642425537109375e+00,6.845356941223144531e+00,1.331941699981689453e+01,1.009311962127685547e+01,1.094473648071289062e+01,1.143643379211425781e+01
8.382685661315917969e+00,8.367909431457519531e+00,8.060220718383789062e+00,5.150797367095947266e+00,1.061661148071289062e+01,7.942025184631347656e+00,8.242689132690429688e+00,1.343776416778564453e+01,1.051055240631103516e+01,1.142917919158935547e+01,1.196915149688720703e+01
7.583427906036376953e+00,8.917362213134765625e+00,6.552210807800292969e+00,4.878338813781738281e+00,1.092192935943603516e+01,5.727044582366943359e+00,6.621308326721191406e+00,1.191661930084228516e+01,9.477136611938476562e+00,1.055199623107910156e+01,1.159161567687988281e+01
8.276819229125976562e+00,7.896885395050048828e+00,7.290269851684570312e+00,4.853674888610839844e+00,1.032735157012939453e+01,7.296081542968750000e+00,8.261442184448242188e+00,1.282772445678710938e+01,1.020462322235107422e+01,1.104829025268554688e+01,1.193823146820068359e+01
8.684731483459472656e+00,8.602649688720703125e+00,8.526323318481445312e+00,4.999207973480224609e+00,1.163903427124023438e+01,8.963121414184570312e+00,9.954514503479003906e+00,1.343835163116455078e+01,9.796439170837402344e+00,1.087298488616943359e+01,1.250711727142333984e+01
8.638356208801269531e+00,8.100518226623535156e+00,8.652611732482910156e+00,5.444348335266113281e+00,1.215369224548339844e+01,8.692658424377441406e+00,9.573482513427734375e+00,1.338456916809082031e+01,9.859162330627441406e+00,1.097114276885986328e+01,1.262404918670654297e+01
8.582235336303710938e+00,8.165996551513671875e+00,8.624101638793945312e+00,5.369473934173583984e+00,1.207657146453857422e+01,8.674129486083984375e+00,9.191503524780273438e+00,1.330699062347412109e+01,9.785279273986816406e+00,1.092737674713134766e+01,1.245083045959472656e+01
8.592249870300292969e+00,8.388283729553222656e+00,8.649777412414550781e+00,5.283659458160400391e+00,1.168792343139648438e+01,8.839511871337890625e+00,9.357417106628417969e+00,1.320858573913574219e+01,9.752768516540527344e+00,1.072307491302490234e+01,1.229100894927978516e+01
8.676052093505859375e+00,8.054995536804199219e+00,8.658116340637207031e+00,5.454882144927978516e+00,1.231219196319580078e+01,8.625645637512207031e+00,9.292469978332519531e+00,1.348343086242675781e+01,9.878912925720214844e+00,1.112203121185302734e+01,1.263737487792968750e+01
8.534886360168457031e+00,8.650905609130859375e+00,8.477722167968750000e+00,5.066548347473144531e+00,1.152418231964111328e+01,8.750027656555175781e+00,1.052192020416259766e+01,1.324139308929443359e+01,9.696895599365234375e+00,1.068530654907226562e+01,1.245831775665283203e+01
8.510036468505859375e+00,8.315616607666015625e+00,8.571224212646484375e+00,5.482755661010742188e+00,1.222049427032470703e+01,8.648101806640625000e+00,9.940873146057128906e+00,1.348742771148681641e+01,9.772240638732910156e+00,1.101218795776367188e+01,1.270345687866210938e+01
8.596796989440917969e+00,8.716902732849121094e+00,8.434211730957031250e+00,5.207829475402832031e+00,1.189703655242919922e+01,8.827531814575195312e+00,1.014932537078857422e+01,1.340705776214599609e+01,9.686753273010253906e+00,1.081750965118408203e+01,1.256844711303710938e+01
8.401016235351562500e+00,8.698833465576171875e+00,8.431881904602050781e+00,5.334774494171142578e+00,1.187282180786132812e+01,8.571630477905273438e+00,1.081165981292724609e+01,1.331327438354492188e+01,9.713158607482910156e+00,1.067268180847167969e+01,1.266768074035644531e+01
8.602893829345703125e+00,8.121333122253417969e+00,8.760649681091308594e+00,5.538131713867187500e+00,1.221316814422607422e+01,8.579787254333496094e+00,9.388890266418457031e+00,1.346879673004150391e+01,9.912958145141601562e+00,1.105813121795654297e+01,1.263752746582031250e+01
9.090363502502441406e+00,9.292710304260253906e+00,8.883790969848632812e+00,5.560196876525878906e+00,1.025000667572021484e+01,8.375101089477539062e+00,9.884480476379394531e+00,1.323371410369873047e+01,1.016522502899169922e+01,1.159320259094238281e+01,1.222867870330810547e+01
9.031533241271972656e+00,9.329575538635253906e+00,8.854329109191894531e+00,5.607035636901855469e+00,1.017553424835205078e+01,8.416461944580078125e+00,9.728114128112792969e+00,1.324941730499267578e+01,1.016033935546875000e+01,1.157198333740234375e+01,1.220909214019775391e+01
9.096964836120605469e+00,9.274896621704101562e+00,8.808518409729003906e+00,5.560836791992187500e+00,1.033203029632568359e+01,8.357243537902832031e+00,1.006156826019287109e+01,1.324576663970947266e+01,1.018701553344726562e+01,1.160851383209228516e+01,1.228675460815429688e+01
9.045267105102539062e+00,9.117480278015136719e+00,8.592614173889160156e+00,5.480743408203125000e+00,1.046164608001708984e+01,8.136905670166015625e+00,1.033645629882812500e+01,1.316012954711914062e+01,1.010365390777587891e+01,1.163690662384033203e+01,1.223194313049316406e+01
9.051903724670410156e+00,9.156456947326660156e+00,8.662986755371093750e+00,5.514129638671875000e+00,1.034657573699951172e+01,8.252990722656250000e+00,1.006020450592041016e+01,1.317586231231689453e+01,1.010805416107177734e+01,1.157321262359619141e+01,1.218550586700439453e+01
9.050007820129394531e+00,9.225969314575195312e+00,8.642735481262207031e+00,5.471971035003662109e+00,1.017908287048339844e+01,8.092359542846679688e+00,1.020721340179443359e+01,1.303929233551025391e+01,1.009040355682373047e+01,1.166062831878662109e+01,1.230393218994140625e+01
9.049603462219238281e+00,9.142853736877441406e+00,8.675364494323730469e+00,5.524446487426757812e+00,1.051269817352294922e+01,8.237031936645507812e+00,1.024378108978271484e+01,1.320754528045654297e+01,1.017713642120361328e+01,1.158714103698730469e+01,1.228208065032958984e+01
9.127116203308105469e+00,9.359696388244628906e+00,8.768623352050781250e+00,5.610329627990722656e+00,1.018359470367431641e+01,8.246196746826171875e+00,9.914874076843261719e+00,1.336057281494140625e+01,1.017710208892822266e+01,1.163103485107421875e+01,1.229092216491699219e+01
9.037530899047851562e+00,9.140730857849121094e+00,8.704731941223144531e+00,5.559446811676025391e+00,1.054102325439453125e+01,8.217767715454101562e+00,1.024840164184570312e+01,1.330803871154785156e+01,1.022307491302490234e+01,1.161736965179443359e+01,1.230602455139160156e+01
9.022741317749023438e+00,9.201090812683105469e+00,8.688582420349121094e+00,5.543862819671630859e+00,1.040898418426513672e+01,8.115430831909179688e+00,1.017605781555175781e+01,1.325719261169433594e+01,1.019716739654541016e+01,1.165766048431396484e+01,1.229039573669433594e+01
8.940969467163085938e+00,7.903892517089843750e+00,8.194420814514160156e+00,5.126200675964355469e+00,1.087249565124511719e+01,6.347299098968505859e+00,9.053265571594238281e+00,1.297790050506591797e+01,9.594759941101074219e+00,1.044564533233642578e+01,1.238896179199218750e+01
8.896449089050292969e+00,7.628705978393554688e+00,8.260560989379882812e+00,5.426655769348144531e+00,1.100045871734619141e+01,6.523179054260253906e+00,8.843749046325683594e+00,1.297600841522216797e+01,9.773816108703613281e+00,1.066520977020263672e+01,1.243838977813720703e+01
9.047916412353515625e+00,7.912715435028076172e+00,8.420703887939453125e+00,5.447914123535156250e+00,1.080899143218994141e+01,7.021130561828613281e+00,9.392975807189941406e+00,1.315108489990234375e+01,9.945611000061035156e+00,1.088926982879638672e+01,1.256272411346435547e+01
9.007206916809082031e+00,7.794120788574218750e+00,8.269670486450195312e+00,5.331777572631835938e+00,1.084046554565429688e+01,6.483397483825683594e+00,9.040673255920410156e+00,1.306923007965087891e+01,9.736315727233886719e+00,1.058218002319335938e+01,1.245524024963378906e+01
8.850237846374511719e+00,7.969738006591796875e+00,8.049003601074218750e+00,5.374782562255859375e+00,1.080699443817138672e+01,6.540974140167236328e+00,9.316309928894042969e+00,1.284122943878173828e+01,9.660094261169433594e+00,1.069871616363525391e+01,1.232768821716308594e+01
9.012183189392089844e+00,8.158619880676269531e+00,8.028481483459472656e+00,5.453014850616455078e+00,1.052058506011962891e+01,6.601592063903808594e+00,9.397885322570800781e+00,1.319716072082519531e+01,9.697745323181152344e+00,1.089680290222167969e+01,1.261741542816162109e+01
8.898325920104980469e+00,8.273238182067871094e+00,8.151370048522949219e+00,5.621893882751464844e+00,1.110084152221679688e+01,6.798612594604492188e+00,9.055392265319824219e+00,1.325513935089111328e+01,9.762554168701171875e+00,1.089190196990966797e+01,1.248583889007568359e+01
9.011595726013183594e+00,7.730993747711181641e+00,8.409159660339355469e+00,5.360702514648437500e+00,1.080660533905029297e+01,6.956855773925781250e+00,9.258954048156738281e+00,1.292983722686767578e+01,9.939572334289550781e+00,1.080966758728027344e+01,1.251115894317626953e+01
9.059100151062011719e+00,7.898650169372558594e+00,8.328222274780273438e+00,5.350211143493652344e+00,1.035252761840820312e+01,7.059666633605957031e+00,9.581602096557617188e+00,1.313740921020507812e+01,9.968811035156250000e+00,1.099277400970458984e+01,1.267763328552246094e+01
8.958497047424316406e+00,8.056130409240722656e+00,8.136314392089843750e+00,5.515122413635253906e+00,1.085691928863525391e+01,6.637367248535156250e+00,9.194681167602539062e+00,1.311849212646484375e+01,9.744999885559082031e+00,1.082620716094970703e+01,1.245513725280761719e+01
9.138010978698730469e+00,8.255349159240722656e+00,9.653717994689941406e+00,5.639322757720947266e+00,7.088899612426757812e+00,7.414451599121093750e+00,8.246693611145019531e+00,1.352826786041259766e+01,1.061950778961181641e+01,1.153630733489990234e+01,1.264064407348632812e+01
8.868718147277832031e+00,7.811484336853027344e+00,9.321110725402832031e+00,5.177660942077636719e+00,6.926887035369873047e+00,6.307712554931640625e+00,8.275164604187011719e+00,1.326875972747802734e+01,1.008203220367431641e+01,1.123814582824707031e+01,1.234344673156738281e+01
9.349381446838378906e+00,8.330666542053222656e+00,9.612946510314941406e+00,5.376102447509765625e+00,6.945155143737792969e+00,7.221768856048583984e+00,8.474564552307128906e+00,1.353208923339843750e+01,1.060990619659423828e+01,1.145272445678710938e+01,1.250003433227539062e+01
9.176015853881835938e+00,8.077708244323730469e+00,9.499112129211425781e+00,5.420721530914306641e+00,6.843072891235351562e+00,7.077755928039550781e+00,8.359350204467773438e+00,1.323323726654052734e+01,1.066561222076416016e+01,1.106973171234130859e+01,1.225690555572509766e+01
9.358487129211425781e+00,8.399550437927246094e+00,9.754849433898925781e+00,5.297672271728515625e+00,7.266334056854248047e+00,7.616063117980957031e+00,8.461006164550781250e+00,1.328421211242675781e+01,1.073125076293945312e+01,1.135630130767822266e+01,1.242434310913085938e+01
9.328354835510253906e+00,7.451921463012695312e+00,9.567996025085449219e+00,4.470178604125976562e+00,7.121370792388916016e+00,6.207103252410888672e+00,9.272219657897949219e+00,1.307595252990722656e+01,1.081849765777587891e+01,1.131778621673583984e+01,1.243665790557861328e+01
9.336804389953613281e+00,7.748545646667480469e+00,9.707448005676269531e+00,4.898986816406250000e+00,7.347838878631591797e+00,6.913209915161132812e+00,9.026881217956542969e+00,1.307633876800537109e+01,1.096144104003906250e+01,1.130235958099365234e+01,1.242089843750000000e+01
9.046597480773925781e+00,6.860264778137207031e+00,9.550429344177246094e+00,4.122834682464599609e+00,7.184553623199462891e+00,5.917291164398193359e+00,9.448970794677734375e+00,1.262772846221923828e+01,1.079231166839599609e+01,1.117480468750000000e+01,1.218922042846679688e+01
9.283164978027343750e+00,7.211993217468261719e+00,9.407862663269042969e+00,4.069332599639892578e+00,7.026464939117431641e+00,5.973237514495849609e+00,9.723842620849609375e+00,1.272757816314697266e+01,1.079238891601562500e+01,1.103149318695068359e+01,1.207477378845214844e+01
9.425204277038574219e+00,7.425066471099853516e+00,9.467310905456542969e+00,4.163238525390625000e+00,7.177232265472412109e+00,6.404608726501464844e+00,9.460226058959960938e+00,1.264016819000244141e+01,1.086195468902587891e+01,1.094783020019531250e+01,1.202535820007324219e+01
9.185819625854492188e+00,7.989643096923828125e+00,8.500591278076171875e+00,3.379081726074218750e+00,6.404474735260009766e+00,5.454042434692382812e+00,9.747010231018066406e+00,1.227676773071289062e+01,9.438357353210449219e+00,1.012899971008300781e+01,1.163278007507324219e+01
9.103824615478515625e+00,7.752380371093750000e+00,8.693860054016113281e+00,3.390865802764892578e+00,6.648905277252197266e+00,5.390115737915039062e+00,9.813906669616699219e+00,1.226539421081542969e+01,9.544382095336914062e+00,1.016051483154296875e+01,1.166623973846435547e+01
9.571423530578613281e+00,7.850795745849609375e+00,8.630704879760742188e+00,4.071846961975097656e+00,6.670735836029052734e+00,4.990270614624023438e+00,9.817782402038574219e+00,1.243207073211669922e+01,1.001693058013916016e+01,1.016886234283447266e+01,1.148688697814941406e+01
9.292754173278808594e+00,7.498373985290527344e+00,8.656023025512695312e+00,3.025203704833984375e+00,6.500477790832519531e+00,4.846368789672851562e+00,9.972943305969238281e+00,1.247253322601318359e+01,9.569832801818847656e+00,1.004791164398193359e+01,1.137699699401855469e+01
9.341516494750976562e+00,8.075060844421386719e+00,8.526175498962402344e+00,3.313756942749023438e+00,6.469923973083496094e+00,5.300951480865478516e+00,9.607664108276367188e+00,1.205074214935302734e+01,9.468606948852539062e+00,9.954943656921386719e+00,1.148264026641845703e+01
9.356193542480468750e+00,7.991890907287597656e+00,8.664881706237792969e+00,3.387424945831298828e+00,6.673031330108642578e+00,5.344118118286132812e+00,9.964600563049316406e+00,1.235715198516845703e+01,9.561173439025878906e+00,1.013239383697509766e+01,1.155814933776855469e+01
9.265004158020019531e+00,7.769799232482910156e+00,8.314224243164062500e+00,2.645862340927124023e+00,6.377151012420654297e+00,4.855174541473388672e+00,9.470952033996582031e+00,1.229911136627197266e+01,9.285049438476562500e+00,9.882573127746582031e+00,1.123465919494628906e+01
9.795619010925292969e+00,7.812660217285156250e+00,8.580110549926757812e+00,4.028064250946044922e+00,6.122666835784912109e+00,4.093411922454833984e+00,9.729554176330566406e+00,1.260118389129638672e+01,9.707182884216308594e+00,9.631882667541503906e+00,1.101655006408691406e+01
9.327683448791503906e+00,7.344263076782226562e+00,8.411321640014648438e+00,2.544745445251464844e+00,6.360785484313964844e+00,4.429936408996582031e+00,9.696021080017089844e+00,1.247033977508544922e+01,9.337726593017578125e+00,9.847937583923339844e+00,1.114608001708984375e+01
9.527792930603027344e+00,8.340614318847656250e+00,8.538341522216796875e+00,3.561649322509765625e+00,6.584633350372314453e+00,5.470508098602294922e+00,9.793068885803222656e+00,1.224311542510986328e+01,9.618328094482421875e+00,1.012659931182861328e+01,1.157523155212402344e+01
9.259694099426269531e+00,7.170104026794433594e+00,8.338263511657714844e+00,3.016136646270751953e+00,6.102952480316162109e+00,4.907480239868164062e+00,9.499281883239746094e+00,1.219228649139404297e+01,9.861206054687500000e+00,1.032509613037109375e+01,1.167640018463134766e+01
9.062685966491699219e+00,7.111641883850097656e+00,8.205969810485839844e+00,2.827275753021240234e+00,6.087057590484619141e+00,4.718888759613037109e+00,9.215367317199707031e+00,1.222283077239990234e+01,9.645112037658691406e+00,1.029882717132568359e+01,1.161271095275878906e+01
8.827252388000488281e+00,7.736807823181152344e+00,7.965849876403808594e+00,3.173458576202392578e+00,6.313806533813476562e+00,5.469511985778808594e+00,9.351479530334472656e+00,1.199107456207275391e+01,9.290959358215332031e+00,1.020865535736083984e+01,1.167053127288818359e+01
1.045895862579345703e+01,7.236902236938476562e+00,8.490824699401855469e+00,2.571468830108642578e+00,5.692593097686767578e+00,4.345111846923828125e+00,9.840417861938476562e+00,1.247063922882080078e+01,1.020181560516357422e+01,1.010183048248291016e+01,1.148466014862060547e+01
9.838614463806152344e+00,7.303471565246582031e+00,8.407088279724121094e+00,2.797727584838867188e+00,5.946132183074951172e+00,4.709911823272705078e+00,9.908458709716796875e+00,1.231430721282958984e+01,1.003063488006591797e+01,1.026212024688720703e+01,1.153598022460937500e+01
1.029051399230957031e+01,7.326638221740722656e+00,8.544871330261230469e+00,2.718497753143310547e+00,5.737570285797119141e+00,4.538106918334960938e+00,1.005901050567626953e+01,1.244907855987548828e+01,1.020056247711181641e+01,1.018084049224853516e+01,1.145631790161132812e+01
9.251381874084472656e+00,7.693153381347656250e+00,8.247773170471191406e+00,3.215462684631347656e+00,6.228588581085205078e+00,5.444946289062500000e+00,9.563225746154785156e+00,1.213109588623046875e+01,9.591618537902832031e+00,1.030854701995849609e+01,1.178015518188476562e+01
9.784180641174316406e+00,7.234092712402343750e+00,8.571501731872558594e+00,3.367529392242431641e+00,6.364646434783935547e+00,4.846112251281738281e+00,1.011776161193847656e+01,1.240935325622558594e+01,1.037616062164306641e+01,1.042648983001708984e+01,1.161624431610107422e+01
9.268942832946777344e+00,7.604436874389648438e+00,8.195786476135253906e+00,3.117350578308105469e+00,6.186635017395019531e+00,5.334444999694824219e+00,9.415394783020019531e+00,1.216798400878906250e+01,9.616652488708496094e+00,1.036787319183349609e+01,1.179012680053710938e+01
9.113061904907226562e+00,7.431242942810058594e+00,7.989827156066894531e+00,2.637977123260498047e+00,5.767342567443847656e+00,4.798449516296386719e+00,8.748297691345214844e+00,1.206890583038330078e+01,9.349367141723632812e+00,1.022523212432861328e+01,1.162535285949707031e+01
1.008649539947509766e+01,8.561153411865234375e+00,7.692151069641113281e+00,3.069902181625366211e+00,6.717798709869384766e+00,5.633212566375732422e+00,1.197369098663330078e+01,1.171992206573486328e+01,9.316777229309082031e+00,1.026014137268066406e+01,1.096255874633789062e+01
1.023610973358154297e+01,8.560383796691894531e+00,7.783643722534179688e+00,3.023595333099365234e+00,6.608601093292236328e+00,5.605689525604248047e+00,1.216680622100830078e+01,1.171896839141845703e+01,9.409125328063964844e+00,1.025404071807861328e+01,1.097100734710693359e+01
1.085055446624755859e+01,9.048420906066894531e+00,7.897490501403808594e+00,2.884272336959838867e+00,7.033398151397705078e+00,5.786735534667968750e+00,1.318448066711425781e+01,1.180310058593750000e+01,9.590081214904785156e+00,1.052892017364501953e+01,1.114748668670654297e+01
1.149861621856689453e+01,9.681558609008789062e+00,8.045101165771484375e+00,2.839524984359741211e+00,7.214523792266845703e+00,6.129276752471923828e+00,1.411672878265380859e+01,1.193761920928955078e+01,9.733471870422363281e+00,1.084315967559814453e+01,1.140619564056396484e+01
1.066037750244140625e+01,9.006505012512207031e+00,7.880908966064453125e+00,2.877529859542846680e+00,7.091008663177490234e+00,5.654465198516845703e+00,1.295069408416748047e+01,1.176764869689941406e+01,9.553457260131835938e+00,1.048962879180908203e+01,1.115384101867675781e+01
1.164123058319091797e+01,9.742605209350585938e+00,8.077852249145507812e+00,2.831727981567382812e+00,7.262060642242431641e+00,6.146181106567382812e+00,1.427195453643798828e+01,1.192555713653564453e+01,9.791863441467285156e+00,1.089144039154052734e+01,1.143041706085205078e+01
1.164981937408447266e+01,9.768284797668457031e+00,8.103096008300781250e+00,2.849274635314941406e+00,7.231606960296630859e+00,6.152385234832763672e+00,1.424567317962646484e+01,1.195287036895751953e+01,9.810420989990234375e+00,1.091650867462158203e+01,1.145987796783447266e+01
1.119135284423828125e+01,9.487448692321777344e+00,8.008611679077148438e+00,2.937955856323242188e+00,7.472928524017333984e+00,5.966011047363281250e+00,1.376060867309570312e+01,1.190456676483154297e+01,9.721267700195312500e+00,1.080084800720214844e+01,1.137874603271484375e+01
1.145200443267822266e+01,9.621280670166015625e+00,8.035273551940917969e+00,2.819946765899658203e+00,7.229807376861572266e+00,6.068399429321289062e+00,1.395915508270263672e+01,1.191320800781250000e+01,9.753787040710449219e+00,1.081443786621093750e+01,1.137695693969726562e+01
1.160628986358642578e+01,9.788962364196777344e+00,8.056407928466796875e+00,2.842755794525146484e+00,7.373739719390869141e+00,6.169023036956787109e+00,1.436465740203857422e+01,1.193865299224853516e+01,9.746000289916992188e+00,1.092801189422607422e+01,1.144569396972656250e+01
9.479046821594238281e+00,8.503576278686523438e+00,8.035691261291503906e+00,6.163737773895263672e+00,8.003506660461425781e+00,5.529731750488281250e+00,9.525225639343261719e+00,1.326262664794921875e+01,9.139458656311035156e+00,1.007613086700439453e+01,1.186694812774658203e+01
9.394184112548828125e+00,8.590869903564453125e+00,8.207285881042480469e+00,3.682400703430175781e+00,6.839890480041503906e+00,5.853716850280761719e+00,1.018541717529296875e+01,1.215244770050048828e+01,9.327961921691894531e+00,1.018007469177246094e+01,1.125636100769042969e+01
9.344162940979003906e+00,7.821400642395019531e+00,8.000498771667480469e+00,3.070681333541870117e+00,6.384797573089599609e+00,5.361240386962890625e+00,9.980587959289550781e+00,1.193690776824951172e+01,9.486603736877441406e+00,1.014141654968261719e+01,1.129051589965820312e+01
9.634076118469238281e+00,8.438147544860839844e+00,8.053135871887207031e+00,5.856211662292480469e+00,7.178424835205078125e+00,5.065745830535888672e+00,9.664635658264160156e+00,1.298835945129394531e+01,9.373265266418457031e+00,1.033476161956787109e+01,1.173176574707031250e+01
9.395496368408203125e+00,7.892108917236328125e+00,8.043053627014160156e+00,3.136560678482055664e+00,6.331095218658447266e+00,5.429825782775878906e+00,9.925816535949707031e+00,1.201360797882080078e+01,9.490139961242675781e+00,1.004438495635986328e+01,1.131296157836914062e+01
9.256901741027832031e+00,8.157038688659667969e+00,7.808485984802246094e+00,2.961081266403198242e+00,6.486072540283203125e+00,5.652185440063476562e+00,9.617554664611816406e+00,1.164612293243408203e+01,9.262299537658691406e+00,1.000152111053466797e+01,1.126617336273193359e+01
9.775087356567382812e+00,7.980074882507324219e+00,7.832982063293457031e+00,2.727911472320556641e+00,6.289155006408691406e+00,5.190547466278076172e+00,9.882048606872558594e+00,1.191481876373291016e+01,9.493767738342285156e+00,9.925005912780761719e+00,1.112398052215576172e+01
1.007076358795166016e+01,8.892550468444824219e+00,8.181649208068847656e+00,5.265721797943115234e+00,7.380936145782470703e+00,5.745398521423339844e+00,1.008590316772460938e+01,1.283770942687988281e+01,9.364797592163085938e+00,1.019406414031982422e+01,1.161324310302734375e+01
9.949286460876464844e+00,8.158627510070800781e+00,7.910298347473144531e+00,2.774209022521972656e+00,6.501804351806640625e+00,5.111524581909179688e+00,1.037594890594482422e+01,1.194324016571044922e+01,9.587513923645019531e+00,1.002782726287841797e+01,1.116490936279296875e+01
9.671702384948730469e+00,7.913496017456054688e+00,8.345484733581542969e+00,3.205159664154052734e+00,6.467494487762451172e+00,5.314481735229492188e+00,1.023304080963134766e+01,1.220825672149658203e+01,9.888899803161621094e+00,1.020988941192626953e+01,1.140804862976074219e+01
