-4.711936950683593750e+00,-4.192603111267089844e+00,-1.171191120147705078e+01,-5.094398498535156250e+00,-7.047570228576660156e+00,-1.816802978515625000e+00,-4.528336048126220703e+00,-3.918805837631225586e+00,-2.774156093597412109e+00
-4.480216026306152344e+00,-3.657890319824218750e+00,-1.147173595428466797e+01,-4.944150447845458984e+00,-6.740771293640136719e+00,-9.927878379821777344e-01,-4.451298236846923828e+00,-3.605485439300537109e+00,-2.493473529815673828e+00
-4.147404193878173828e+00,-3.442665576934814453e+00,-1.114799308776855469e+01,-4.860110282897949219e+00,-6.468790054321289062e+00,-8.604352474212646484e-01,-4.329751014709472656e+00,-3.267524719238281250e+00,-2.333135843276977539e+00
-3.476788282394409180e+00,-3.110479354858398438e+00,-1.106063079833984375e+01,-4.392408370971679688e+00,-5.911142349243164062e+00,-8.168405890464782715e-01,-4.206528186798095703e+00,-2.431215524673461914e+00,-1.989968776702880859e+00
-4.697471618652343750e+00,-3.876066207885742188e+00,-1.162391471862792969e+01,-4.956406593322753906e+00,-6.893866539001464844e+00,-1.222362756729125977e+00,-4.410006046295166016e+00,-3.538097858428955078e+00,-2.628108501434326172e+00
-4.754178047180175781e+00,-4.419485092163085938e+00,-1.089825725555419922e+01,-5.239995002746582031e+00,-7.555672645568847656e+00,-2.244113206863403320e+00,-4.644010543823242188e+00,-4.389326572418212891e+00,-2.747459888458251953e+00
-4.605147361755371094e+00,-4.155422687530517578e+00,-1.110886096954345703e+01,-4.883484840393066406e+00,-7.021942138671875000e+00,-1.444907546043395996e+00,-4.451724052429199219e+00,-3.789053440093994141e+00,-2.729806900024414062e+00
-4.406492233276367188e+00,-5.403394699096679688e+00,-1.050962162017822266e+01,-5.322381019592285156e+00,-8.161249160766601562e+00,-3.170816659927368164e+00,-5.151524543762207031e+00,-4.507309436798095703e+00,-2.564217567443847656e+00
-4.578077316284179688e+00,-3.948670387268066406e+00,-1.155917358398437500e+01,-4.902319908142089844e+00,-6.876454353332519531e+00,-1.357270956039428711e+00,-4.370623588562011719e+00,-3.679834604263305664e+00,-2.619484186172485352e+00
-4.743621826171875000e+00,-4.387258052825927734e+00,-1.131065940856933594e+01,-5.178340911865234375e+00,-7.298226356506347656e+00,-2.238213062286376953e+00,-4.637300014495849609e+00,-3.979147195816040039e+00,-2.614789009094238281e+00
-4.275086402893066406e+00,-4.241813659667968750e+00,-9.773697853088378906e+00,-5.473216056823730469e+00,-8.588499069213867188e+00,-2.260264158248901367e+00,-4.603868961334228516e+00,-1.507013797760009766e+00,-3.703586578369140625e+00
-4.841572761535644531e+00,-4.433652400970458984e+00,-1.053896808624267578e+01,-5.368041992187500000e+00,-8.179821014404296875e+00,-1.352429151535034180e+00,-5.056684017181396484e+00,-1.705285072326660156e+00,-3.570791006088256836e+00
-4.470677375793457031e+00,-4.658167839050292969e+00,-1.038155937194824219e+01,-5.306233406066894531e+00,-8.387712478637695312e+00,-1.757718324661254883e+00,-4.793595314025878906e+00,-2.618584156036376953e+00,-3.671958208084106445e+00
-4.546989917755126953e+00,-4.391640186309814453e+00,-1.016290760040283203e+01,-5.274774551391601562e+00,-8.308214187622070312e+00,-1.564895868301391602e+00,-4.852592945098876953e+00,-1.680424690246582031e+00,-3.544022798538208008e+00
-4.378361701965332031e+00,-5.390806674957275391e+00,-1.059595394134521484e+01,-5.217569351196289062e+00,-8.273715972900390625e+00,-1.778365850448608398e+00,-5.184566020965576172e+00,-3.699876546859741211e+00,-3.724319934844970703e+00
-4.492906570434570312e+00,-3.821798801422119141e+00,-1.008315372467041016e+01,-5.291014671325683594e+00,-8.102321624755859375e+00,-1.571212291717529297e+00,-4.532059192657470703e+00,-7.728635668754577637e-01,-3.523759126663208008e+00
-4.627076625823974609e+00,-4.303193092346191406e+00,-1.069036769866943359e+01,-5.184499740600585938e+00,-8.238851547241210938e+00,-1.582734584808349609e+00,-4.830307006835937500e+00,-1.626690864562988281e+00,-3.556353569030761719e+00
-4.139024734497070312e+00,-4.714792251586914062e+00,-9.692239761352539062e+00,-5.606296539306640625e+00,-8.758307456970214844e+00,-2.262228012084960938e+00,-4.805856227874755859e+00,-2.206103563308715820e+00,-3.864155769348144531e+00
-4.587985038757324219e+00,-4.696439266204833984e+00,-1.033471393585205078e+01,-5.262221336364746094e+00,-8.235666275024414062e+00,-1.376544713973999023e+00,-5.068462848663330078e+00,-1.543878316879272461e+00,-3.609559774398803711e+00
-4.782351970672607422e+00,-5.601544857025146484e+00,-1.087640285491943359e+01,-5.069964408874511719e+00,-8.147929191589355469e+00,-1.151361227035522461e+00,-5.555513858795166016e+00,-3.385518074035644531e+00,-3.602792263031005859e+00
-3.922423839569091797e+00,-3.213694095611572266e+00,-9.816725730895996094e+00,-3.954540729522705078e+00,-7.586358547210693359e+00,-4.189934253692626953e+00,-3.942518949508666992e+00,-5.023447513580322266e+00,-2.926276683807373047e+00
-4.010404109954833984e+00,-3.318526744842529297e+00,-9.688363075256347656e+00,-4.255597114562988281e+00,-7.773517608642578125e+00,-4.332819938659667969e+00,-4.038929462432861328e+00,-5.039967060089111328e+00,-3.045269966125488281e+00
-4.062908649444580078e+00,-3.519470214843750000e+00,-9.719759941101074219e+00,-4.390461921691894531e+00,-7.764153480529785156e+00,-4.494854450225830078e+00,-4.207242965698242188e+00,-4.815443992614746094e+00,-3.176310539245605469e+00
-4.145056724548339844e+00,-3.656277179718017578e+00,-1.006098175048828125e+01,-4.203289031982421875e+00,-7.832507133483886719e+00,-4.345850944519042969e+00,-4.216408252716064453e+00,-4.978344917297363281e+00,-3.163644790649414062e+00
-4.131356239318847656e+00,-3.432170391082763672e+00,-9.911125183105468750e+00,-4.186250686645507812e+00,-7.772657394409179688e+00,-4.182975292205810547e+00,-3.804558515548706055e+00,-4.770277976989746094e+00,-3.276008129119873047e+00
-4.084359169006347656e+00,-4.852219581604003906e+00,-1.043169403076171875e+01,-4.147646903991699219e+00,-7.805038452148437500e+00,-2.806477546691894531e+00,-4.379097461700439453e+00,-4.849464893341064453e+00,-2.951798915863037109e+00
-4.240510463714599609e+00,-3.569540262222290039e+00,-1.003955459594726562e+01,-4.054446220397949219e+00,-7.703328609466552734e+00,-4.185822486877441406e+00,-3.954344987869262695e+00,-4.971236705780029297e+00,-3.151996135711669922e+00
-3.951424837112426758e+00,-3.389246225357055664e+00,-9.643525123596191406e+00,-4.345025062561035156e+00,-7.785848617553710938e+00,-4.435321331024169922e+00,-4.130386829376220703e+00,-4.860296249389648438e+00,-3.137853145599365234e+00
-4.293120861053466797e+00,-3.693492889404296875e+00,-1.031263446807861328e+01,-4.104221343994140625e+00,-7.522740364074707031e+00,-3.625175476074218750e+00,-3.671448469161987305e+00,-4.967497348785400391e+00,-3.133212089538574219e+00
-4.231274127960205078e+00,-3.818228244781494141e+00,-9.991070747375488281e+00,-4.294069290161132812e+00,-7.800611495971679688e+00,-4.362197875976562500e+00,-4.418188095092773438e+00,-4.936639308929443359e+00,-3.123545646667480469e+00
-4.465330123901367188e+00,-6.308367252349853516e+00,-9.402509689331054688e+00,-4.444022178649902344e+00,-7.771030902862548828e+00,-1.466653823852539062e+00,-5.148453235626220703e+00,-3.480261564254760742e+00,-2.978140115737915039e+00
-4.465523242950439453e+00,-6.296053409576416016e+00,-9.390299797058105469e+00,-4.456410408020019531e+00,-7.670428752899169922e+00,-1.442854046821594238e+00,-5.090005397796630859e+00,-3.758832454681396484e+00,-2.877279758453369141e+00
-4.718692779541015625e+00,-6.117553234100341797e+00,-1.043639850616455078e+01,-4.832356452941894531e+00,-8.056383132934570312e+00,-1.589876651763916016e+00,-5.519148349761962891e+00,-3.663337707519531250e+00,-3.254524230957031250e+00
-3.791596174240112305e+00,-6.170780658721923828e+00,-9.280228614807128906e+00,-3.974815130233764648e+00,-7.505857467651367188e+00,-1.062102675437927246e+00,-4.713117599487304688e+00,-4.027282238006591797e+00,-2.202491760253906250e+00
-4.679250717163085938e+00,-6.119503498077392578e+00,-1.007997226715087891e+01,-4.797121047973632812e+00,-7.993441581726074219e+00,-1.375746607780456543e+00,-5.403885364532470703e+00,-2.610474586486816406e+00,-3.090492248535156250e+00
-4.689355373382568359e+00,-6.289051532745361328e+00,-9.809906005859375000e+00,-4.528778076171875000e+00,-7.807354927062988281e+00,-1.425816178321838379e+00,-5.062071323394775391e+00,-3.724676847457885742e+00,-3.066304683685302734e+00
-4.560072898864746094e+00,-6.022525310516357422e+00,-9.762396812438964844e+00,-4.701836585998535156e+00,-7.871933460235595703e+00,-1.503398895263671875e+00,-5.242482185363769531e+00,-3.044484138488769531e+00,-2.915370464324951172e+00
-4.836610794067382812e+00,-6.119639873504638672e+00,-1.079855251312255859e+01,-5.160473823547363281e+00,-8.328603744506835938e+00,-1.361311912536621094e+00,-5.912079334259033203e+00,-2.335075855255126953e+00,-3.280375003814697266e+00
-4.683641910552978516e+00,-6.171105861663818359e+00,-1.114339637756347656e+01,-4.781503677368164062e+00,-8.172369956970214844e+00,-1.456677436828613281e+00,-5.539514541625976562e+00,-4.603139400482177734e+00,-3.635129451751708984e+00
-4.337514400482177734e+00,-6.275870800018310547e+00,-9.210418701171875000e+00,-4.349115371704101562e+00,-7.657012939453125000e+00,-1.357843399047851562e+00,-4.754259109497070312e+00,-3.380643844604492188e+00,-2.607400894165039062e+00
-4.464459419250488281e+00,-5.694591999053955078e+00,-1.018509578704833984e+01,-4.458745479583740234e+00,-8.181871414184570312e+00,-6.511159420013427734e+00,-7.078552246093750000e+00,-5.900734424591064453e+00,-3.004788637161254883e+00
-4.899986743927001953e+00,-5.713905811309814453e+00,-1.104140090942382812e+01,-4.777093887329101562e+00,-8.810811996459960938e+00,-6.507041931152343750e+00,-8.191744804382324219e+00,-5.657740116119384766e+00,-3.677393913269042969e+00
-4.092487335205078125e+00,-5.571111202239990234e+00,-9.834459304809570312e+00,-4.293931007385253906e+00,-8.097469329833984375e+00,-6.463647842407226562e+00,-7.066968917846679688e+00,-5.757648944854736328e+00,-2.821689605712890625e+00
-4.184495449066162109e+00,-5.703999519348144531e+00,-1.004733371734619141e+01,-4.325089454650878906e+00,-7.784646034240722656e+00,-6.676059722900390625e+00,-6.613259315490722656e+00,-5.826809406280517578e+00,-2.880316734313964844e+00
-3.775196075439453125e+00,-5.621262073516845703e+00,-9.569972038269042969e+00,-4.033845901489257812e+00,-8.163043022155761719e+00,-6.465672016143798828e+00,-7.011469364166259766e+00,-5.247960567474365234e+00,-2.755340337753295898e+00
-3.202525138854980469e+00,-5.515347480773925781e+00,-8.947614669799804688e+00,-3.791194915771484375e+00,-8.491872787475585938e+00,-6.209292411804199219e+00,-7.459515571594238281e+00,-4.471755981445312500e+00,-2.649897575378417969e+00
-3.386579036712646484e+00,-5.533860683441162109e+00,-9.045472145080566406e+00,-3.870431184768676758e+00,-8.562074661254882812e+00,-6.349521160125732422e+00,-7.455203056335449219e+00,-4.582827568054199219e+00,-2.783464431762695312e+00
-2.994069337844848633e+00,-5.639700889587402344e+00,-8.682814598083496094e+00,-3.701297998428344727e+00,-8.563970565795898438e+00,-5.983344078063964844e+00,-7.642115116119384766e+00,-4.073627948760986328e+00,-2.526040792465209961e+00
-2.928823232650756836e+00,-5.502199649810791016e+00,-8.704283714294433594e+00,-3.711328744888305664e+00,-8.503658294677734375e+00,-6.030189037322998047e+00,-7.579021453857421875e+00,-3.555414199829101562e+00,-2.488814353942871094e+00
-2.763345241546630859e+00,-5.388012409210205078e+00,-8.561115264892578125e+00,-3.643875360488891602e+00,-8.533077239990234375e+00,-6.022875308990478516e+00,-7.668204307556152344e+00,-3.544076442718505859e+00,-2.484652280807495117e+00
-1.979320168495178223e+00,-2.895200014114379883e+00,-7.141232490539550781e+00,-3.729036808013916016e+00,-8.099184989929199219e+00,-4.920377254486083984e+00,-6.023034095764160156e+00,-2.748974561691284180e+00,-2.106083631515502930e+00
-1.898048996925354004e+00,-2.802917718887329102e+00,-6.971206665039062500e+00,-3.659928083419799805e+00,-8.046421051025390625e+00,-4.709825038909912109e+00,-5.698287963867187500e+00,-2.735363006591796875e+00,-2.014243364334106445e+00
-2.060684680938720703e+00,-3.307167053222656250e+00,-7.969332695007324219e+00,-3.888055086135864258e+00,-8.153592109680175781e+00,-5.731670379638671875e+00,-7.092847824096679688e+00,-2.847304344177246094e+00,-2.420672178268432617e+00
-1.945616126060485840e+00,-2.857978820800781250e+00,-7.188492774963378906e+00,-3.739015340805053711e+00,-8.063298225402832031e+00,-5.049997329711914062e+00,-6.105745315551757812e+00,-2.817322731018066406e+00,-2.142440557479858398e+00
-2.098580598831176758e+00,-2.935001850128173828e+00,-7.655371665954589844e+00,-3.852526903152465820e+00,-7.825531959533691406e+00,-5.454993247985839844e+00,-6.729402065277099609e+00,-2.746945142745971680e+00,-2.416685342788696289e+00
-1.879350781440734863e+00,-2.947432041168212891e+00,-7.168037414550781250e+00,-3.718315362930297852e+00,-8.010820388793945312e+00,-5.289741039276123047e+00,-6.295160293579101562e+00,-2.719229698181152344e+00,-2.201811313629150391e+00
-1.778053641319274902e+00,-2.722184419631958008e+00,-6.477126121520996094e+00,-3.515481472015380859e+00,-7.838883399963378906e+00,-4.502730846405029297e+00,-5.041103839874267578e+00,-2.756870269775390625e+00,-1.896349191665649414e+00
-2.243312358856201172e+00,-3.473093509674072266e+00,-8.450726509094238281e+00,-4.147569656372070312e+00,-7.907384395599365234e+00,-6.565648078918457031e+00,-7.920719623565673828e+00,-2.860385894775390625e+00,-2.977692842483520508e+00
-2.282125949859619141e+00,-3.714516401290893555e+00,-8.522665023803710938e+00,-4.177665710449218750e+00,-8.542850494384765625e+00,-6.138963222503662109e+00,-7.715774059295654297e+00,-2.870895147323608398e+00,-2.954817295074462891e+00
-1.835093379020690918e+00,-2.890042543411254883e+00,-7.023737907409667969e+00,-3.702402353286743164e+00,-7.951617240905761719e+00,-5.203576564788818359e+00,-6.144895553588867188e+00,-2.698142528533935547e+00,-2.116055250167846680e+00
-1.853275656700134277e+00,-3.697537899017333984e+00,-7.810855865478515625e+00,-3.798757314682006836e+00,-8.866033554077148438e+00,-5.711207389831542969e+00,-6.580832958221435547e+00,-2.555557727813720703e+00,-2.155028104782104492e+00
-3.324442386627197266e+00,-5.342918872833251953e+00,-9.529473304748535156e+00,-3.918828487396240234e+00,-9.311122894287109375e+00,-5.977694988250732422e+00,-7.631217002868652344e+00,-3.659136056900024414e+00,-2.608198642730712891e+00
-2.154144525527954102e+00,-3.808436155319213867e+00,-7.975297927856445312e+00,-3.812502861022949219e+00,-8.798265457153320312e+00,-5.229394435882568359e+00,-6.465441226959228516e+00,-2.829723834991455078e+00,-2.358420133590698242e+00
-1.862510323524475098e+00,-3.945411205291748047e+00,-8.539104461669921875e+00,-4.208964347839355469e+00,-8.694316864013671875e+00,-6.394272804260253906e+00,-7.665261268615722656e+00,-2.953194379806518555e+00,-2.588623762130737305e+00
-1.759657263755798340e+00,-3.556744575500488281e+00,-7.601667404174804688e+00,-3.868225812911987305e+00,-8.735600471496582031e+00,-5.703758239746093750e+00,-6.718379974365234375e+00,-2.648495435714721680e+00,-2.146978855133056641e+00
-1.700593948364257812e+00,-3.788112163543701172e+00,-7.755159378051757812e+00,-3.898370027542114258e+00,-8.741152763366699219e+00,-5.897996902465820312e+00,-7.027653217315673828e+00,-2.716605901718139648e+00,-2.185864925384521484e+00
-1.962619066238403320e+00,-3.096100330352783203e+00,-7.202921867370605469e+00,-3.778012275695800781e+00,-8.487557411193847656e+00,-5.175333023071289062e+00,-6.069859981536865234e+00,-2.786720037460327148e+00,-2.216084957122802734e+00
-1.652030229568481445e+00,-3.911023378372192383e+00,-7.676243782043457031e+00,-3.779122114181518555e+00,-8.860958099365234375e+00,-5.665217399597167969e+00,-6.817157745361328125e+00,-2.592628240585327148e+00,-1.972996711730957031e+00
-1.890618205070495605e+00,-2.850644350051879883e+00,-6.764400482177734375e+00,-3.577494859695434570e+00,-8.169953346252441406e+00,-4.725610733032226562e+00,-5.362813949584960938e+00,-2.805535554885864258e+00,-1.970548391342163086e+00
-2.111335992813110352e+00,-3.220207214355468750e+00,-7.615869522094726562e+00,-3.980368852615356445e+00,-8.609874725341796875e+00,-5.235550880432128906e+00,-6.464848518371582031e+00,-2.961455106735229492e+00,-2.538212776184082031e+00
-1.879302263259887695e+00,-3.683166027069091797e+00,-6.780005455017089844e+00,-4.505098342895507812e+00,-9.354843139648437500e+00,-4.936659812927246094e+00,-6.709388732910156250e+00,-8.870731592178344727e-01,-3.003856420516967773e+00
-1.405735015869140625e+00,-3.525553464889526367e+00,-5.460062026977539062e+00,-4.113407611846923828e+00,-9.127978324890136719e+00,-5.295614719390869141e+00,-6.628360271453857422e+00,6.501257419586181641e-02,-2.482408046722412109e+00
-1.714681982994079590e+00,-3.629985809326171875e+00,-5.934554100036621094e+00,-4.259429931640625000e+00,-9.323539733886718750e+00,-4.979545116424560547e+00,-6.868879795074462891e+00,-3.668659925460815430e-02,-2.653154134750366211e+00
-1.710339426994323730e+00,-3.615724086761474609e+00,-6.112066268920898438e+00,-4.460445404052734375e+00,-9.391939163208007812e+00,-5.027921676635742188e+00,-6.774376869201660156e+00,-1.494446992874145508e-01,-2.850326538085937500e+00
-1.868364214897155762e+00,-3.731863975524902344e+00,-6.961129188537597656e+00,-4.270815849304199219e+00,-8.985010147094726562e+00,-4.769256591796875000e+00,-6.899070739746093750e+00,-7.601110935211181641e-01,-2.497070312500000000e+00
-1.580456972122192383e+00,-3.758080959320068359e+00,-5.604053497314453125e+00,-4.260999679565429688e+00,-9.261629104614257812e+00,-5.192645072937011719e+00,-6.704653739929199219e+00,9.578537940979003906e-02,-2.532029151916503906e+00
-8.410043716430664062e-01,-2.754976272583007812e+00,-2.958082675933837891e+00,-3.972981691360473633e+00,-9.066118240356445312e+00,-4.988606452941894531e+00,-5.999095439910888672e+00,1.378817319869995117e+00,-2.283045053482055664e+00
-1.329279780387878418e+00,-2.993723869323730469e+00,-4.655756950378417969e+00,-4.108793258666992188e+00,-9.118508338928222656e+00,-4.851703643798828125e+00,-6.385515689849853516e+00,9.687560200691223145e-01,-2.501191616058349609e+00
-8.368994593620300293e-01,-2.645679712295532227e+00,-3.245324850082397461e+00,-3.934049129486083984e+00,-8.998468399047851562e+00,-4.945868015289306641e+00,-6.103797912597656250e+00,1.196143865585327148e+00,-2.288194417953491211e+00
-9.660876393318176270e-01,-2.708398580551147461e+00,-3.347826004028320312e+00,-4.020730495452880859e+00,-9.039427757263183594e+00,-4.778011322021484375e+00,-6.123097896575927734e+00,1.461301803588867188e+00,-2.361367464065551758e+00
-3.416702032089233398e+00,-5.573766231536865234e+00,-9.042806625366210938e+00,-4.769632339477539062e+00,-8.239074707031250000e+00,-6.084299087524414062e+00,-8.588373184204101562e+00,-3.658064603805541992e+00,-3.557819843292236328e+00
-1.637073516845703125e+00,-3.063248157501220703e+00,-6.880017280578613281e+00,-3.540878057479858398e+00,-8.270952224731445312e+00,-4.856074333190917969e+00,-5.502889633178710938e+00,-2.364865779876708984e+00,-2.091595411300659180e+00
-1.597462296485900879e+00,-3.174686908721923828e+00,-6.730160713195800781e+00,-3.715932130813598633e+00,-8.502819061279296875e+00,-5.208929061889648438e+00,-6.162992954254150391e+00,-2.024179220199584961e+00,-2.176496744155883789e+00
-2.915424108505249023e+00,-5.155895709991455078e+00,-8.765545845031738281e+00,-4.523694992065429688e+00,-7.216700553894042969e+00,-5.506178855895996094e+00,-8.400141716003417969e+00,-3.072990417480468750e+00,-3.018139362335205078e+00
-1.536481499671936035e+00,-3.070539474487304688e+00,-6.479602813720703125e+00,-3.629092931747436523e+00,-8.513087272644042969e+00,-5.106899261474609375e+00,-5.817976951599121094e+00,-2.098126888275146484e+00,-2.070598363876342773e+00
-1.502883553504943848e+00,-3.014137983322143555e+00,-6.367484092712402344e+00,-3.577710866928100586e+00,-8.465768814086914062e+00,-4.890078544616699219e+00,-5.655340194702148438e+00,-2.067974090576171875e+00,-2.091466188430786133e+00
-1.210151553153991699e+00,-3.109749078750610352e+00,-5.936338424682617188e+00,-3.657506227493286133e+00,-8.454149246215820312e+00,-5.403284549713134766e+00,-6.207874298095703125e+00,-1.950155019760131836e+00,-2.060659170150756836e+00
-1.900915265083312988e+00,-3.283474922180175781e+00,-8.203310012817382812e+00,-3.675865411758422852e+00,-7.439173221588134766e+00,-4.685328483581542969e+00,-6.240351200103759766e+00,-2.711312532424926758e+00,-2.099092006683349609e+00
-1.079929471015930176e+00,-3.232104778289794922e+00,-5.774122238159179688e+00,-3.681406259536743164e+00,-8.551014900207519531e+00,-5.393959999084472656e+00,-6.428930759429931641e+00,-1.668897628784179688e+00,-2.009855031967163086e+00
-1.607493042945861816e+00,-3.035409927368164062e+00,-6.785641670227050781e+00,-3.639941930770874023e+00,-8.416752815246582031e+00,-5.212721824645996094e+00,-6.085031509399414062e+00,-2.485749483108520508e+00,-1.950330734252929688e+00
