7.684617996215820312e+00,7.330271720886230469e+00,7.249110221862792969e+00,3.996129035949707031e+00,9.737509727478027344e+00,6.876444816589355469e+00,7.609219074249267578e+00,1.184293174743652344e+01,8.974309921264648438e+00,9.748519897460937500e+00,1.074695396423339844e+01
7.560864448547363281e+00,7.695107460021972656e+00,7.319936275482177734e+00,3.951313495635986328e+00,9.593897819519042969e+00,6.698246479034423828e+00,7.173754215240478516e+00,1.200749778747558594e+01,9.075619697570800781e+00,9.824318885803222656e+00,1.088931083679199219e+01
7.467307090759277344e+00,7.528493881225585938e+00,7.201350212097167969e+00,3.897297859191894531e+00,9.629376411437988281e+00,6.591522693634033203e+00,7.475444316864013672e+00,1.190039157867431641e+01,9.003514289855957031e+00,9.769323348999023438e+00,1.076547908782958984e+01
7.851418495178222656e+00,6.896204948425292969e+00,6.918982028961181641e+00,3.793589591979980469e+00,9.429615974426269531e+00,6.667277336120605469e+00,7.595889568328857422e+00,1.150441741943359375e+01,8.653071403503417969e+00,9.567534446716308594e+00,1.049256515502929688e+01
7.038077354431152344e+00,7.286125183105468750e+00,6.794195175170898438e+00,3.749351978302001953e+00,9.601588249206542969e+00,6.104302406311035156e+00,7.461485385894775391e+00,1.162872791290283203e+01,8.628781318664550781e+00,9.423626899719238281e+00,1.031684017181396484e+01
7.096508979797363281e+00,7.225502967834472656e+00,6.879692077636718750e+00,3.841286182403564453e+00,9.591600418090820312e+00,6.447954654693603516e+00,7.032979965209960938e+00,1.145133876800537109e+01,8.557032585144042969e+00,9.226241111755371094e+00,1.021208000183105469e+01
7.455646514892578125e+00,7.372012138366699219e+00,7.211068630218505859e+00,3.927406787872314453e+00,9.761078834533691406e+00,6.682369232177734375e+00,7.497138023376464844e+00,1.180168628692626953e+01,8.941887855529785156e+00,9.639934539794921875e+00,1.061834239959716797e+01
7.160863876342773438e+00,6.495786666870117188e+00,6.594457149505615234e+00,3.648864746093750000e+00,9.165118217468261719e+00,6.477726936340332031e+00,7.019064426422119141e+00,1.080829238891601562e+01,8.106932640075683594e+00,8.786157608032226562e+00,9.692334175109863281e+00
7.206248283386230469e+00,7.299642562866210938e+00,6.962188720703125000e+00,3.865074634552001953e+00,9.683529853820800781e+00,6.523415565490722656e+00,7.366108417510986328e+00,1.155980300903320312e+01,8.686892509460449219e+00,9.379649162292480469e+00,1.034685325622558594e+01
7.229550361633300781e+00,6.567076683044433594e+00,6.570481300354003906e+00,3.630907058715820312e+00,9.214043617248535156e+00,6.439259529113769531e+00,7.453694820404052734e+00,1.091861629486083984e+01,8.170299530029296875e+00,8.932497024536132812e+00,9.796944618225097656e+00
8.814299583435058594e+00,8.980527877807617188e+00,8.372006416320800781e+00,5.406579971313476562e+00,1.188858222961425781e+01,9.532310485839843750e+00,1.169649887084960938e+01,1.282347965240478516e+01,9.686833381652832031e+00,1.047177028656005859e+01,1.198660087585449219e+01
8.873913764953613281e+00,9.010516166687011719e+00,8.422828674316406250e+00,5.572557449340820312e+00,1.221402645111083984e+01,9.396590232849121094e+00,1.177433967590332031e+01,1.299888420104980469e+01,9.807901382446289062e+00,1.067781162261962891e+01,1.229587364196777344e+01
8.817794799804687500e+00,8.809174537658691406e+00,8.423114776611328125e+00,5.493899345397949219e+00,1.179422092437744141e+01,9.410976409912109375e+00,1.096616458892822266e+01,1.274956607818603516e+01,9.668334007263183594e+00,1.047019100189208984e+01,1.210316085815429688e+01
8.885987281799316406e+00,8.999241828918457031e+00,8.465628623962402344e+00,5.470801353454589844e+00,1.179884052276611328e+01,9.528393745422363281e+00,1.153793621063232422e+01,1.279735660552978516e+01,9.677456855773925781e+00,1.042087173461914062e+01,1.199658870697021484e+01
8.869866371154785156e+00,8.761559486389160156e+00,8.346958160400390625e+00,5.491571903228759766e+00,1.170393371582031250e+01,9.171856880187988281e+00,1.107663154602050781e+01,1.273143291473388672e+01,9.563691139221191406e+00,1.042906475067138672e+01,1.208320999145507812e+01
8.674439430236816406e+00,8.692132949829101562e+00,8.300817489624023438e+00,5.132782936096191406e+00,1.141908931732177734e+01,9.371908187866210938e+00,1.147604370117187500e+01,1.254280185699462891e+01,9.656119346618652344e+00,1.036262989044189453e+01,1.177951431274414062e+01
8.912214279174804688e+00,8.815543174743652344e+00,8.462219238281250000e+00,5.464306831359863281e+00,1.174367809295654297e+01,9.208026885986328125e+00,1.117660140991210938e+01,1.297092437744140625e+01,9.835451126098632812e+00,1.066741180419921875e+01,1.223972892761230469e+01
8.737582206726074219e+00,8.418076515197753906e+00,8.071701049804687500e+00,5.103873252868652344e+00,1.125214958190917969e+01,9.121015548706054688e+00,1.100906944274902344e+01,1.234533596038818359e+01,9.318921089172363281e+00,1.011865901947021484e+01,1.159975624084472656e+01
8.903887748718261719e+00,8.667919158935546875e+00,8.284796714782714844e+00,5.373400688171386719e+00,1.210648345947265625e+01,8.991367340087890625e+00,1.131915092468261719e+01,1.312701034545898438e+01,9.873934745788574219e+00,1.080220699310302734e+01,1.228949356079101562e+01
8.979507446289062500e+00,8.553786277770996094e+00,8.186380386352539062e+00,5.189023971557617188e+00,1.148111057281494141e+01,8.637620925903320312e+00,1.117340946197509766e+01,1.305171108245849609e+01,9.696805953979492188e+00,1.064470863342285156e+01,1.201410865783691406e+01
8.735926628112792969e+00,7.929874420166015625e+00,8.384514808654785156e+00,4.526059150695800781e+00,8.986056327819824219e+00,8.734901428222656250e+00,8.546102523803710938e+00,1.220956707000732422e+01,9.728737831115722656e+00,1.059595775604248047e+01,1.174382591247558594e+01
8.559769630432128906e+00,7.712525367736816406e+00,8.104593276977539062e+00,4.396505355834960938e+00,8.759266853332519531e+00,8.441738128662109375e+00,8.074821472167968750e+00,1.193903827667236328e+01,9.429842948913574219e+00,1.030818939208984375e+01,1.144820785522460938e+01
8.814751625061035156e+00,7.832489013671875000e+00,8.283404350280761719e+00,4.560775279998779297e+00,8.864700317382812500e+00,8.605782508850097656e+00,8.702178955078125000e+00,1.217475700378417969e+01,9.630183219909667969e+00,1.057517814636230469e+01,1.173536872863769531e+01
8.828387260437011719e+00,7.712867736816406250e+00,8.214385032653808594e+00,4.428666114807128906e+00,9.022347450256347656e+00,8.490158081054687500e+00,8.662218093872070312e+00,1.215501880645751953e+01,9.643448829650878906e+00,1.058011054992675781e+01,1.169297409057617188e+01
8.599454879760742188e+00,7.536310195922851562e+00,7.985497474670410156e+00,4.110528469085693359e+00,8.749938964843750000e+00,8.297170639038085938e+00,8.234486579895019531e+00,1.182722091674804688e+01,9.388554573059082031e+00,1.027414035797119141e+01,1.132238006591796875e+01
8.742210388183593750e+00,7.368367195129394531e+00,8.003567695617675781e+00,4.334046363830566406e+00,8.869091033935546875e+00,8.280185699462890625e+00,8.547760009765625000e+00,1.181712055206298828e+01,9.392544746398925781e+00,1.027344703674316406e+01,1.137528038024902344e+01
8.716513633728027344e+00,7.578216552734375000e+00,8.092905998229980469e+00,4.361515998840332031e+00,8.943439483642578125e+00,8.409893035888671875e+00,8.538643836975097656e+00,1.196315383911132812e+01,9.492142677307128906e+00,1.038772010803222656e+01,1.149671745300292969e+01
8.592920303344726562e+00,7.679851531982421875e+00,8.047628402709960938e+00,4.256681919097900391e+00,8.743317604064941406e+00,8.287605285644531250e+00,8.175787925720214844e+00,1.194669437408447266e+01,9.450596809387207031e+00,1.036420726776123047e+01,1.146309089660644531e+01
8.580384254455566406e+00,7.579399108886718750e+00,8.045111656188964844e+00,4.311452865600585938e+00,8.948576927185058594e+00,8.283899307250976562e+00,8.532039642333984375e+00,1.191771602630615234e+01,9.463423728942871094e+00,1.032186317443847656e+01,1.142660236358642578e+01
8.473733901977539062e+00,7.348996162414550781e+00,7.906041622161865234e+00,4.079320430755615234e+00,8.922755241394042969e+00,8.039908409118652344e+00,8.243775367736816406e+00,1.171647834777832031e+01,9.335870742797851562e+00,1.011943912506103516e+01,1.116331005096435547e+01
8.417052268981933594e+00,7.511941909790039062e+00,7.546649456024169922e+00,4.293247222900390625e+00,1.047182464599609375e+01,6.583744049072265625e+00,8.698810577392578125e+00,1.260177135467529297e+01,9.444613456726074219e+00,1.038229465484619141e+01,1.160425662994384766e+01
8.341557502746582031e+00,7.385602951049804688e+00,7.359801292419433594e+00,4.342539310455322266e+00,1.036462688446044922e+01,6.269439697265625000e+00,8.084450721740722656e+00,1.249368190765380859e+01,9.233768463134765625e+00,1.020813751220703125e+01,1.147567749023437500e+01
8.187587738037109375e+00,7.549959182739257812e+00,7.482211589813232422e+00,4.575597286224365234e+00,1.047482776641845703e+01,6.346480369567871094e+00,8.288649559020996094e+00,1.261656093597412109e+01,9.407952308654785156e+00,1.037055969238281250e+01,1.167311954498291016e+01
8.405676841735839844e+00,7.339570045471191406e+00,7.425355911254882812e+00,4.392405509948730469e+00,1.009555149078369141e+01,6.200725555419921875e+00,8.189313888549804688e+00,1.244397449493408203e+01,9.286824226379394531e+00,1.026200294494628906e+01,1.157035255432128906e+01
8.289995193481445312e+00,7.571497917175292969e+00,7.453356742858886719e+00,4.451168060302734375e+00,1.048388767242431641e+01,6.446333885192871094e+00,8.952674865722656250e+00,1.272869777679443359e+01,9.442267417907714844e+00,1.052638912200927734e+01,1.174799728393554688e+01
8.218409538269042969e+00,7.548490524291992188e+00,7.389390468597412109e+00,4.476933002471923828e+00,1.039330196380615234e+01,6.300054550170898438e+00,8.297142028808593750e+00,1.263712978363037109e+01,9.334259033203125000e+00,1.037748908996582031e+01,1.164627933502197266e+01
8.182358741760253906e+00,7.610198020935058594e+00,7.493108272552490234e+00,4.425459384918212891e+00,1.050526523590087891e+01,6.526003360748291016e+00,8.458907127380371094e+00,1.266353893280029297e+01,9.419738769531250000e+00,1.039365386962890625e+01,1.162292098999023438e+01
8.289100646972656250e+00,7.338404655456542969e+00,7.445734024047851562e+00,4.357812881469726562e+00,1.032050800323486328e+01,6.429093837738037109e+00,8.635051727294921875e+00,1.246969032287597656e+01,9.398449897766113281e+00,1.035347557067871094e+01,1.156961536407470703e+01
8.265493392944335938e+00,7.453376770019531250e+00,7.481122016906738281e+00,4.538166046142578125e+00,1.044832992553710938e+01,6.556776046752929688e+00,7.965673923492431641e+00,1.245385551452636719e+01,9.328149795532226562e+00,1.022408390045166016e+01,1.151712799072265625e+01
8.232335090637207031e+00,7.475808143615722656e+00,7.434358596801757812e+00,4.382523536682128906e+00,1.028553485870361328e+01,6.383100509643554688e+00,8.423685073852539062e+00,1.254012680053710938e+01,9.373448371887207031e+00,1.036187362670898438e+01,1.159619808197021484e+01
