8.211184501647949219e+00,7.188105106353759766e+00,7.617774486541748047e+00,4.717856884002685547e+00,1.095133781433105469e+01,7.265652179718017578e+00,7.961663722991943359e+00,1.265698909759521484e+01,1.050434494018554688e+01,1.041117858886718750e+01,1.126947212219238281e+01
7.719253063201904297e+00,8.727711677551269531e+00,7.664347648620605469e+00,4.695644855499267578e+00,1.172066688537597656e+01,6.994645118713378906e+00,6.902342319488525391e+00,1.276338481903076172e+01,1.006985378265380859e+01,1.028641510009765625e+01,1.113738632202148438e+01
7.784405231475830078e+00,8.136130332946777344e+00,7.588794708251953125e+00,4.882937431335449219e+00,1.162652778625488281e+01,7.089165210723876953e+00,7.609647750854492188e+00,1.253948116302490234e+01,1.020806026458740234e+01,1.049706268310546875e+01,1.123246192932128906e+01
7.945425987243652344e+00,8.010211944580078125e+00,6.957900524139404297e+00,4.946426391601562500e+00,1.136812210083007812e+01,6.164218902587890625e+00,7.691959381103515625e+00,1.150624084472656250e+01,9.548974990844726562e+00,9.919981002807617188e+00,1.111517333984375000e+01
7.949017047882080078e+00,7.562249183654785156e+00,7.613600730895996094e+00,4.879230022430419922e+00,1.127511405944824219e+01,7.259232044219970703e+00,8.008844375610351562e+00,1.280892467498779297e+01,1.053117847442626953e+01,1.069492530822753906e+01,1.132181549072265625e+01
8.394029617309570312e+00,7.507476329803466797e+00,7.436813354492187500e+00,4.408380985260009766e+00,1.062676429748535156e+01,7.301209449768066406e+00,7.295566082000732422e+00,1.303082752227783203e+01,1.061359691619873047e+01,1.036157035827636719e+01,1.117967033386230469e+01
8.114484786987304688e+00,7.463288307189941406e+00,7.771280765533447266e+00,4.792732715606689453e+00,1.135526657104492188e+01,7.087305068969726562e+00,8.171754837036132812e+00,1.276385974884033203e+01,1.040359783172607422e+01,1.047722816467285156e+01,1.133133888244628906e+01
8.181597709655761719e+00,6.933431148529052734e+00,7.577342510223388672e+00,4.225517272949218750e+00,1.049509048461914062e+01,7.208324432373046875e+00,8.552654266357421875e+00,1.251074790954589844e+01,1.045026493072509766e+01,1.083593368530273438e+01,1.144500541687011719e+01
7.892651557922363281e+00,8.121865272521972656e+00,7.744841575622558594e+00,5.037969112396240234e+00,1.169926071166992188e+01,7.221002578735351562e+00,8.039222717285156250e+00,1.272075176239013672e+01,1.031858921051025391e+01,1.061258125305175781e+01,1.137393379211425781e+01
8.263489723205566406e+00,7.233099937438964844e+00,7.516263008117675781e+00,4.604394435882568359e+00,1.080485343933105469e+01,7.309296607971191406e+00,8.204569816589355469e+00,1.263497066497802734e+01,1.061340332031250000e+01,1.049849700927734375e+01,1.125187492370605469e+01
8.861311912536621094e+00,8.796410560607910156e+00,7.946473598480224609e+00,4.431072235107421875e+00,1.136907005310058594e+01,9.063964843750000000e+00,1.129589843750000000e+01,1.340319538116455078e+01,9.426890373229980469e+00,1.015820121765136719e+01,1.234428787231445312e+01
8.706521034240722656e+00,8.812968254089355469e+00,8.325098991394042969e+00,5.310578346252441406e+00,1.200711822509765625e+01,8.737071990966796875e+00,1.154588127136230469e+01,1.364634227752685547e+01,9.739033699035644531e+00,1.079064178466796875e+01,1.268745422363281250e+01
8.733976364135742188e+00,8.679536819458007812e+00,8.466762542724609375e+00,5.454917430877685547e+00,1.169110107421875000e+01,8.659728050231933594e+00,1.052625846862792969e+01,1.366460037231445312e+01,9.778023719787597656e+00,1.094653701782226562e+01,1.262457084655761719e+01
8.743345260620117188e+00,8.794888496398925781e+00,8.233056068420410156e+00,4.956568241119384766e+00,1.159369850158691406e+01,8.866858482360839844e+00,1.104822731018066406e+01,1.344472789764404297e+01,9.583386421203613281e+00,1.051392936706542969e+01,1.248372840881347656e+01
8.674828529357910156e+00,8.804567337036132812e+00,8.561458587646484375e+00,5.834856986999511719e+00,1.208420753479003906e+01,8.662873268127441406e+00,1.106702423095703125e+01,1.363595581054687500e+01,9.960697174072265625e+00,1.112298011779785156e+01,1.268027496337890625e+01
8.589006423950195312e+00,8.886795997619628906e+00,8.149086952209472656e+00,4.829968452453613281e+00,1.139248466491699219e+01,8.813224792480468750e+00,1.095116806030273438e+01,1.343824863433837891e+01,9.604769706726074219e+00,1.047342872619628906e+01,1.243315315246582031e+01
8.733961105346679688e+00,8.650247573852539062e+00,8.569074630737304688e+00,5.687332630157470703e+00,1.220324707031250000e+01,8.550603866577148438e+00,1.097783470153808594e+01,1.364769649505615234e+01,9.961245536804199219e+00,1.106551361083984375e+01,1.271078300476074219e+01
8.834170341491699219e+00,8.677789688110351562e+00,8.075183868408203125e+00,4.829370498657226562e+00,1.140115928649902344e+01,8.827564239501953125e+00,1.098952102661132812e+01,1.345210361480712891e+01,9.487071990966796875e+00,1.040920829772949219e+01,1.233053207397460938e+01
8.696074485778808594e+00,8.733245849609375000e+00,8.173772811889648438e+00,5.190955638885498047e+00,1.193007659912109375e+01,8.812785148620605469e+00,1.133219146728515625e+01,1.354531574249267578e+01,9.701066970825195312e+00,1.053052520751953125e+01,1.267843437194824219e+01
9.048800468444824219e+00,7.679500579833984375e+00,8.953460693359375000e+00,5.666206836700439453e+00,1.204102516174316406e+01,8.331268310546875000e+00,9.240472793579101562e+00,1.365018272399902344e+01,1.013187694549560547e+01,1.107200813293457031e+01,1.303248214721679688e+01
9.532160758972167969e+00,8.718908309936523438e+00,8.727578163146972656e+00,4.705348014831542969e+00,8.912227630615234375e+00,9.046190261840820312e+00,8.439817428588867188e+00,1.189364147186279297e+01,9.783801078796386719e+00,1.078663825988769531e+01,1.223181724548339844e+01
9.257723808288574219e+00,8.514281272888183594e+00,8.656373023986816406e+00,4.192449092864990234e+00,9.001543045043945312e+00,8.713140487670898438e+00,7.824959754943847656e+00,1.155647468566894531e+01,9.628127098083496094e+00,1.050747108459472656e+01,1.200271987915039062e+01
9.545390129089355469e+00,8.896885871887207031e+00,8.916626930236816406e+00,4.762114524841308594e+00,8.696698188781738281e+00,9.190515518188476562e+00,8.104555130004882812e+00,1.186523818969726562e+01,9.868535995483398438e+00,1.086252784729003906e+01,1.228268432617187500e+01
9.697872161865234375e+00,8.448185920715332031e+00,8.524332046508789062e+00,4.262878417968750000e+00,8.611141204833984375e+00,8.635861396789550781e+00,8.456884384155273438e+00,1.168942356109619141e+01,9.779746055603027344e+00,1.055831527709960938e+01,1.196249961853027344e+01
9.681771278381347656e+00,8.437518119812011719e+00,8.397498130798339844e+00,3.954543590545654297e+00,8.774732589721679688e+00,8.569072723388671875e+00,8.493326187133789062e+00,1.161387157440185547e+01,9.564018249511718750e+00,1.053886795043945312e+01,1.194476127624511719e+01
9.087444305419921875e+00,8.618380546569824219e+00,8.942070960998535156e+00,4.503687381744384766e+00,8.253303527832031250e+00,8.827640533447265625e+00,7.486097812652587891e+00,1.156138229370117188e+01,9.872514724731445312e+00,1.066319465637207031e+01,1.208181571960449219e+01
9.540894508361816406e+00,8.518533706665039062e+00,8.692399978637695312e+00,4.278093338012695312e+00,8.470823287963867188e+00,8.795463562011718750e+00,7.979798316955566406e+00,1.153039073944091797e+01,9.740085601806640625e+00,1.064421463012695312e+01,1.200435256958007812e+01
9.403942108154296875e+00,8.156622886657714844e+00,8.301993370056152344e+00,3.845427989959716797e+00,9.198637008666992188e+00,8.236900329589843750e+00,8.780532836914062500e+00,1.157959938049316406e+01,9.605414390563964844e+00,1.045933151245117188e+01,1.192048263549804688e+01
9.369612693786621094e+00,8.542355537414550781e+00,8.602517127990722656e+00,4.501065731048583984e+00,8.848424911499023438e+00,8.657123565673828125e+00,8.288785934448242188e+00,1.184873294830322266e+01,9.829583168029785156e+00,1.088706207275390625e+01,1.218099212646484375e+01
9.107872009277343750e+00,8.275234222412109375e+00,8.518577575683593750e+00,4.167044639587402344e+00,8.676723480224609375e+00,8.460819244384765625e+00,7.895938396453857422e+00,1.148536872863769531e+01,9.660230636596679688e+00,1.059341812133789062e+01,1.194636726379394531e+01
9.045641899108886719e+00,6.946973800659179688e+00,8.845151901245117188e+00,5.731269836425781250e+00,1.190247344970703125e+01,8.124148368835449219e+00,9.450063705444335938e+00,1.327953433990478516e+01,1.050357532501220703e+01,1.123818016052246094e+01,1.255934333801269531e+01
9.015180587768554688e+00,7.055709362030029297e+00,8.855783462524414062e+00,5.707207679748535156e+00,1.178808212280273438e+01,8.237854957580566406e+00,9.423046112060546875e+00,1.334929752349853516e+01,1.059984970092773438e+01,1.140007972717285156e+01,1.264324569702148438e+01
8.931588172912597656e+00,6.929273128509521484e+00,8.949822425842285156e+00,5.751003742218017578e+00,1.196401786804199219e+01,8.356110572814941406e+00,9.527502059936523438e+00,1.328143405914306641e+01,1.065272331237792969e+01,1.144112396240234375e+01,1.259906196594238281e+01
8.982319831848144531e+00,7.129652976989746094e+00,8.782003402709960938e+00,5.813975811004638672e+00,1.183958244323730469e+01,7.958287715911865234e+00,9.208810806274414062e+00,1.325403499603271484e+01,1.041899776458740234e+01,1.110732650756835938e+01,1.254706764221191406e+01
8.981311798095703125e+00,6.898199558258056641e+00,8.921054840087890625e+00,5.841475009918212891e+00,1.194803810119628906e+01,8.203505516052246094e+00,9.575469970703125000e+00,1.328587150573730469e+01,1.065102958679199219e+01,1.138208198547363281e+01,1.257817840576171875e+01
8.929598808288574219e+00,6.940964221954345703e+00,8.878812789916992188e+00,5.780176639556884766e+00,1.186135101318359375e+01,8.300580978393554688e+00,9.535654067993164062e+00,1.332134819030761719e+01,1.067020130157470703e+01,1.150204467773437500e+01,1.260995674133300781e+01
8.891494750976562500e+00,6.888104915618896484e+00,8.937577247619628906e+00,5.779303550720214844e+00,1.202536582946777344e+01,8.314382553100585938e+00,9.666742324829101562e+00,1.331580638885498047e+01,1.073056697845458984e+01,1.150749588012695312e+01,1.261827850341796875e+01
8.923724174499511719e+00,6.874417781829833984e+00,8.964945793151855469e+00,5.651210784912109375e+00,1.184132003784179688e+01,8.277573585510253906e+00,9.644954681396484375e+00,1.319064235687255859e+01,1.069695186614990234e+01,1.150911521911621094e+01,1.259872055053710938e+01
8.921104431152343750e+00,6.921222209930419922e+00,9.011203765869140625e+00,5.711783885955810547e+00,1.191025161743164062e+01,8.377572059631347656e+00,9.565322875976562500e+00,1.329332256317138672e+01,1.067932510375976562e+01,1.153910636901855469e+01,1.262255477905273438e+01
8.889875411987304688e+00,6.901371479034423828e+00,8.898552894592285156e+00,5.776746273040771484e+00,1.197597694396972656e+01,8.205068588256835938e+00,9.561325073242187500e+00,1.328772163391113281e+01,1.070836734771728516e+01,1.147997283935546875e+01,1.260394096374511719e+01
8.785018920898437500e+00,8.123942375183105469e+00,9.102703094482421875e+00,5.264828205108642578e+00,7.339938640594482422e+00,6.539476394653320312e+00,7.309479713439941406e+00,1.366189289093017578e+01,1.036126422882080078e+01,1.063399887084960938e+01,1.231669998168945312e+01
8.976365089416503906e+00,7.200793266296386719e+00,8.346278190612792969e+00,3.333452463150024414e+00,6.073259830474853516e+00,3.973043441772460938e+00,7.004937648773193359e+00,1.260950279235839844e+01,9.443804740905761719e+00,1.005863952636718750e+01,1.135746765136718750e+01
8.906401634216308594e+00,7.681711673736572266e+00,8.914278030395507812e+00,4.613062381744384766e+00,6.724565505981445312e+00,5.772935867309570312e+00,7.449464797973632812e+00,1.327003383636474609e+01,1.017356204986572266e+01,1.065973854064941406e+01,1.225259208679199219e+01
8.687317848205566406e+00,7.559731960296630859e+00,9.017395019531250000e+00,4.892480373382568359e+00,6.453468322753906250e+00,6.008807182312011719e+00,7.267138957977294922e+00,1.308576011657714844e+01,1.019536495208740234e+01,1.082393264770507812e+01,1.232378196716308594e+01
8.816864967346191406e+00,7.515241622924804688e+00,9.037020683288574219e+00,4.734587192535400391e+00,6.594736576080322266e+00,5.992136001586914062e+00,7.662903308868408203e+00,1.323513507843017578e+01,1.033838367462158203e+01,1.089647102355957031e+01,1.239695358276367188e+01
8.823751449584960938e+00,7.118354320526123047e+00,8.788118362426757812e+00,3.969805479049682617e+00,6.073416233062744141e+00,4.984021186828613281e+00,7.838131904602050781e+00,1.278906536102294922e+01,1.007258987426757812e+01,1.086170196533203125e+01,1.217306709289550781e+01
8.839172363281250000e+00,7.206569194793701172e+00,9.122816085815429688e+00,4.481814861297607422e+00,6.383356571197509766e+00,5.695232391357421875e+00,8.109433174133300781e+00,1.314016246795654297e+01,1.048889446258544922e+01,1.104846572875976562e+01,1.245927429199218750e+01
8.999087333679199219e+00,6.797856807708740234e+00,9.070637702941894531e+00,3.943072319030761719e+00,6.298267841339111328e+00,4.945273399353027344e+00,8.875327110290527344e+00,1.265498638153076172e+01,1.039162921905517578e+01,1.093782234191894531e+01,1.218161964416503906e+01
9.123987197875976562e+00,6.789230823516845703e+00,9.131405830383300781e+00,3.867347240447998047e+00,6.364929199218750000e+00,4.892530918121337891e+00,9.278474807739257812e+00,1.259908390045166016e+01,1.049806499481201172e+01,1.088629722595214844e+01,1.216791725158691406e+01
9.222831726074218750e+00,6.730264663696289062e+00,9.222255706787109375e+00,3.680375576019287109e+00,6.477001667022705078e+00,4.866212844848632812e+00,9.682655334472656250e+00,1.257336235046386719e+01,1.057213592529296875e+01,1.078831481933593750e+01,1.208440589904785156e+01
9.379175186157226562e+00,7.651802539825439453e+00,8.067813873291015625e+00,2.645528554916381836e+00,6.240856170654296875e+00,4.958440303802490234e+00,9.727958679199218750e+00,1.180193424224853516e+01,9.443182945251464844e+00,9.750809669494628906e+00,1.118080520629882812e+01
8.776874542236328125e+00,7.775358676910400391e+00,8.273560523986816406e+00,3.021954774856567383e+00,6.454713821411132812e+00,5.701741695404052734e+00,9.620775222778320312e+00,1.158892536163330078e+01,9.336954116821289062e+00,9.831529617309570312e+00,1.119965171813964844e+01
9.401314735412597656e+00,7.228234767913818359e+00,8.679729461669921875e+00,3.148554086685180664e+00,6.153551578521728516e+00,4.490319252014160156e+00,1.074310111999511719e+01,1.254102706909179688e+01,1.009219169616699219e+01,1.002913856506347656e+01,1.133054161071777344e+01
9.083917617797851562e+00,7.403476238250732422e+00,8.547418594360351562e+00,3.073876619338989258e+00,6.274440288543701172e+00,4.759715557098388672e+00,1.059799766540527344e+01,1.216672039031982422e+01,9.761189460754394531e+00,9.876876831054687500e+00,1.107494163513183594e+01
9.459609031677246094e+00,7.731676578521728516e+00,8.165966033935546875e+00,2.722207069396972656e+00,5.915647029876708984e+00,4.948123931884765625e+00,9.553382873535156250e+00,1.175368309020996094e+01,9.534322738647460938e+00,9.766199111938476562e+00,1.115794944763183594e+01
9.167299270629882812e+00,7.787807941436767578e+00,8.349744796752929688e+00,3.022318124771118164e+00,6.176370143890380859e+00,5.330128669738769531e+00,9.840881347656250000e+00,1.179063034057617188e+01,9.547898292541503906e+00,9.754935264587402344e+00,1.111232757568359375e+01
9.336938858032226562e+00,7.825003623962402344e+00,7.772918224334716797e+00,2.679842948913574219e+00,6.289731025695800781e+00,5.378441810607910156e+00,9.189359664916992188e+00,1.135985851287841797e+01,9.043381690979003906e+00,9.482883453369140625e+00,1.095593452453613281e+01
9.832477569580078125e+00,7.843420505523681641e+00,8.483345985412597656e+00,3.580075740814208984e+00,5.951464176177978516e+00,4.440913677215576172e+00,1.044220733642578125e+01,1.245561504364013672e+01,9.916152000427246094e+00,9.675977706909179688e+00,1.109652328491210938e+01
9.311373710632324219e+00,7.510643959045410156e+00,8.436735153198242188e+00,2.846602201461791992e+00,6.038085937500000000e+00,4.535976886749267578e+00,1.035366630554199219e+01,1.224183177947998047e+01,9.685250282287597656e+00,9.792871475219726562e+00,1.118523216247558594e+01
9.769368171691894531e+00,7.708442211151123047e+00,8.133841514587402344e+00,2.765744924545288086e+00,5.994485378265380859e+00,4.962051391601562500e+00,9.863685607910156250e+00,1.185147190093994141e+01,9.671983718872070312e+00,9.824619293212890625e+00,1.120418357849121094e+01
9.719763755798339844e+00,7.258801460266113281e+00,8.217349052429199219e+00,2.376209020614624023e+00,5.930953979492187500e+00,4.377258300781250000e+00,9.511354446411132812e+00,1.213742923736572266e+01,9.804127693176269531e+00,1.011345291137695312e+01,1.171189117431640625e+01
9.079257011413574219e+00,7.004734992980957031e+00,8.254764556884765625e+00,2.585143804550170898e+00,6.249441623687744141e+00,4.265783786773681641e+00,9.537237167358398438e+00,1.210093975067138672e+01,9.801152229309082031e+00,1.023855209350585938e+01,1.181065177917480469e+01
8.661265373229980469e+00,7.400596141815185547e+00,7.634575843811035156e+00,2.525254487991333008e+00,6.417609214782714844e+00,4.845006942749023438e+00,8.690306663513183594e+00,1.142674160003662109e+01,9.002124786376953125e+00,9.926740646362304688e+00,1.145422363281250000e+01
1.095040321350097656e+01,7.416803359985351562e+00,8.530199050903320312e+00,2.391409635543823242e+00,5.643951416015625000e+00,4.391460418701171875e+00,1.006638717651367188e+01,1.256834888458251953e+01,1.036889553070068359e+01,1.027636528015136719e+01,1.177284240722656250e+01
1.088678455352783203e+01,7.492146968841552734e+00,8.385835647583007812e+00,2.487772703170776367e+00,5.759405136108398438e+00,4.492670059204101562e+00,1.017235183715820312e+01,1.242523097991943359e+01,1.020841503143310547e+01,1.024266052246093750e+01,1.166375160217285156e+01
1.089003372192382812e+01,7.459906101226806641e+00,8.396364212036132812e+00,2.529934644699096680e+00,5.696094512939453125e+00,4.453755378723144531e+00,1.014780616760253906e+01,1.242211437225341797e+01,1.026842403411865234e+01,1.023509407043457031e+01,1.167435073852539062e+01
1.025678634643554688e+01,7.597445011138916016e+00,7.819740772247314453e+00,2.220686674118041992e+00,6.091304779052734375e+00,4.809320449829101562e+00,9.400093078613281250e+00,1.186353874206542969e+01,9.401392936706542969e+00,9.899574279785156250e+00,1.127622604370117188e+01
9.716958999633789062e+00,7.040913105010986328e+00,8.558773994445800781e+00,2.927183389663696289e+00,6.151343345642089844e+00,4.376577377319335938e+00,1.059906959533691406e+01,1.242104625701904297e+01,1.029188823699951172e+01,1.016666030883789062e+01,1.153484725952148438e+01
9.910918235778808594e+00,7.477211952209472656e+00,7.784665107727050781e+00,2.326885223388671875e+00,6.499387264251708984e+00,4.766758918762207031e+00,9.466510772705078125e+00,1.185645675659179688e+01,9.351278305053710938e+00,9.860063552856445312e+00,1.135727119445800781e+01
9.989704132080078125e+00,7.323000907897949219e+00,7.835471630096435547e+00,2.131229639053344727e+00,6.056914329528808594e+00,4.531244277954101562e+00,9.064461708068847656e+00,1.191009521484375000e+01,9.264093399047851562e+00,9.763833999633789062e+00,1.125041198730468750e+01
1.163927841186523438e+01,9.566700935363769531e+00,8.066748619079589844e+00,2.814381122589111328e+00,7.215399742126464844e+00,6.396456241607666016e+00,1.409223365783691406e+01,1.186621761322021484e+01,9.908616065979003906e+00,1.091893005371093750e+01,1.164856529235839844e+01
1.167019271850585938e+01,9.521680831909179688e+00,8.122793197631835938e+00,2.779290199279785156e+00,7.309770584106445312e+00,6.347707271575927734e+00,1.413058471679687500e+01,1.187511634826660156e+01,9.959188461303710938e+00,1.095045280456542969e+01,1.167889213562011719e+01
1.205146503448486328e+01,9.936517715454101562e+00,8.094584465026855469e+00,2.854002952575683594e+00,7.169913768768310547e+00,6.370861053466796875e+00,1.505585289001464844e+01,1.182416725158691406e+01,9.917137145996093750e+00,1.110141944885253906e+01,1.166916656494140625e+01
1.211916446685791016e+01,1.007308959960937500e+01,8.053873062133789062e+00,2.821176767349243164e+00,7.183161258697509766e+00,6.360839366912841797e+00,1.531739616394042969e+01,1.182005214691162109e+01,9.881422996520996094e+00,1.110529136657714844e+01,1.164181709289550781e+01
1.201696968078613281e+01,9.929264068603515625e+00,8.072383880615234375e+00,2.852824687957763672e+00,7.168737888336181641e+00,6.383909225463867188e+00,1.500431823730468750e+01,1.183609104156494141e+01,9.901423454284667969e+00,1.108443450927734375e+01,1.166942977905273438e+01
1.212020587921142578e+01,1.006525039672851562e+01,8.078716278076171875e+00,2.787053108215332031e+00,7.165803909301757812e+00,6.367339134216308594e+00,1.531483459472656250e+01,1.184186172485351562e+01,9.889067649841308594e+00,1.109515953063964844e+01,1.166597938537597656e+01
1.210813713073730469e+01,1.005891990661621094e+01,8.080243110656738281e+00,2.772877693176269531e+00,7.171063899993896484e+00,6.363262176513671875e+00,1.530880737304687500e+01,1.184395313262939453e+01,9.885266304016113281e+00,1.109065437316894531e+01,1.166522216796875000e+01
1.214094161987304688e+01,1.008878040313720703e+01,8.044825553894042969e+00,2.858260154724121094e+00,7.166767120361328125e+00,6.371124267578125000e+00,1.530562400817871094e+01,1.179886817932128906e+01,9.895129203796386719e+00,1.111034202575683594e+01,1.166598320007324219e+01
1.209885406494140625e+01,1.004744243621826172e+01,8.063090324401855469e+00,2.813287019729614258e+00,7.165716648101806641e+00,6.364249229431152344e+00,1.525326728820800781e+01,1.182785511016845703e+01,9.876921653747558594e+00,1.109805870056152344e+01,1.164219856262207031e+01
1.212333679199218750e+01,1.009364509582519531e+01,8.037508010864257812e+00,2.849660396575927734e+00,7.170494556427001953e+00,6.358207702636718750e+00,1.529115676879882812e+01,1.180349254608154297e+01,9.874155044555664062e+00,1.108606147766113281e+01,1.163605117797851562e+01
1.002788066864013672e+01,7.592801570892333984e+00,6.971168994903564453e+00,6.531731128692626953e+00,8.007871627807617188e+00,4.621054649353027344e+00,8.846816062927246094e+00,1.239811897277832031e+01,8.069673538208007812e+00,8.689990043640136719e+00,1.175412368774414062e+01
8.846870422363281250e+00,7.968492984771728516e+00,7.429997920989990234e+00,2.644845008850097656e+00,6.429818153381347656e+00,5.628821372985839844e+00,8.560232162475585938e+00,1.099748802185058594e+01,8.852566719055175781e+00,9.741352081298828125e+00,1.120753669738769531e+01
9.350004196166992188e+00,7.755723476409912109e+00,7.431520938873291016e+00,2.197162628173828125e+00,6.015088558197021484e+00,5.007696151733398438e+00,8.885047912597656250e+00,1.132859897613525391e+01,8.951071739196777344e+00,9.680179595947265625e+00,1.115495109558105469e+01
1.001241397857666016e+01,7.432705402374267578e+00,6.683422565460205078e+00,6.488110065460205078e+00,7.816380023956298828e+00,4.507985591888427734e+00,8.870306015014648438e+00,1.225193977355957031e+01,7.843983650207519531e+00,8.527135848999023438e+00,1.158782196044921875e+01
9.166941642761230469e+00,7.822421073913574219e+00,7.333904743194580078e+00,2.330870628356933594e+00,6.059807777404785156e+00,5.193698883056640625e+00,8.477939605712890625e+00,1.110554981231689453e+01,8.815965652465820312e+00,9.489324569702148438e+00,1.109636878967285156e+01
9.302942276000976562e+00,7.915913581848144531e+00,7.213852405548095703e+00,2.317375421524047852e+00,6.072838306427001953e+00,5.283640861511230469e+00,8.457633972167968750e+00,1.089218902587890625e+01,8.762787818908691406e+00,9.484815597534179688e+00,1.110481643676757812e+01
9.760024070739746094e+00,7.740291118621826172e+00,7.313807964324951172e+00,2.215640783309936523e+00,5.960173130035400391e+00,5.193128108978271484e+00,8.602115631103515625e+00,1.109241676330566406e+01,8.914419174194335938e+00,9.561273574829101562e+00,1.102851104736328125e+01
1.006111431121826172e+01,7.462768554687500000e+00,6.769355773925781250e+00,6.157903194427490234e+00,7.779107570648193359e+00,4.664767742156982422e+00,8.861160278320312500e+00,1.230463314056396484e+01,7.966646671295166016e+00,8.662473678588867188e+00,1.157225990295410156e+01
1.017218303680419922e+01,7.845084667205810547e+00,7.386151313781738281e+00,2.287803173065185547e+00,5.879348278045654297e+00,5.158398628234863281e+00,8.880056381225585938e+00,1.121497154235839844e+01,9.141002655029296875e+00,9.721414566040039062e+00,1.112227439880371094e+01
1.025652885437011719e+01,7.753397464752197266e+00,7.754829406738281250e+00,2.410520076751708984e+00,5.996600627899169922e+00,5.062382698059082031e+00,9.467206954956054688e+00,1.176997089385986328e+01,9.554498672485351562e+00,9.965921401977539062e+00,1.136038780212402344e+01
