-4.577414989471435547e+00,-4.553689956665039062e+00,-1.080420780181884766e+01,-4.690763950347900391e+00,-7.636356353759765625e+00,-2.600673198699951172e+00,-4.395173549652099609e+00,-3.846687555313110352e+00,1.012772464752197266e+01
-3.412616729736328125e+00,-2.755214691162109375e+00,-9.941287040710449219e+00,-4.256316184997558594e+00,-6.771928787231445312e+00,-3.121459245681762695e+00,-4.223131656646728516e+00,-2.825189828872680664e+00,9.141361236572265625e+00
-3.992821693420410156e+00,-3.126803874969482422e+00,-1.032106113433837891e+01,-4.327984333038330078e+00,-6.748623847961425781e+00,-2.924146652221679688e+00,-4.081359863281250000e+00,-3.078022718429565430e+00,9.655292510986328125e+00
-3.893985748291015625e+00,-3.960505962371826172e+00,-1.106822109222412109e+01,-4.431157588958740234e+00,-6.929514884948730469e+00,-2.578607082366943359e+00,-4.494795322418212891e+00,-3.025424718856811523e+00,9.605967521667480469e+00
-4.569026947021484375e+00,-3.645273685455322266e+00,-1.096936893463134766e+01,-4.591826915740966797e+00,-6.769989013671875000e+00,-1.610736370086669922e+00,-4.116326332092285156e+00,-2.065677881240844727e+00,9.940575599670410156e+00
-4.585730552673339844e+00,-4.471069335937500000e+00,-1.101573848724365234e+01,-4.582706451416015625e+00,-7.416673660278320312e+00,-2.883232831954956055e+00,-4.203867435455322266e+00,-4.517276287078857422e+00,1.026517772674560547e+01
-4.587685108184814453e+00,-4.697148799896240234e+00,-1.055483531951904297e+01,-4.572727203369140625e+00,-7.538422584533691406e+00,-2.126323223114013672e+00,-4.539021015167236328e+00,-3.573518514633178711e+00,1.022898483276367188e+01
-4.694851875305175781e+00,-6.121129512786865234e+00,-1.120385360717773438e+01,-4.965023994445800781e+00,-8.305415153503417969e+00,-2.204139471054077148e+00,-5.104464054107666016e+00,-4.702817440032958984e+00,1.005640411376953125e+01
-4.446054935455322266e+00,-3.960576057434082031e+00,-1.062807273864746094e+01,-4.719001293182373047e+00,-7.537857055664062500e+00,-2.877987146377563477e+00,-4.185713768005371094e+00,-3.282670259475708008e+00,9.920987129211425781e+00
-4.635049343109130859e+00,-4.468255043029785156e+00,-1.141909694671630859e+01,-4.636302947998046875e+00,-7.451819419860839844e+00,-2.538644790649414062e+00,-4.401787757873535156e+00,-3.626390695571899414e+00,1.013544178009033203e+01
-4.922472953796386719e+00,-5.328521251678466797e+00,-1.063311100006103516e+01,-5.303859233856201172e+00,-8.857987403869628906e+00,-2.403285741806030273e+00,-4.931194782257080078e+00,-3.097465753555297852e+00,9.527298927307128906e+00
-4.941656112670898438e+00,-5.562947750091552734e+00,-1.085126781463623047e+01,-5.093868732452392578e+00,-8.350738525390625000e+00,-1.550641655921936035e+00,-5.384559631347656250e+00,-2.771802186965942383e+00,9.775998115539550781e+00
-4.892394542694091797e+00,-5.573696613311767578e+00,-1.057318115234375000e+01,-5.133967876434326172e+00,-8.446555137634277344e+00,-1.776625037193298340e+00,-4.643776893615722656e+00,-3.404601573944091797e+00,9.856544494628906250e+00
-4.968035697937011719e+00,-5.317664623260498047e+00,-1.083523845672607422e+01,-4.999946117401123047e+00,-8.233529090881347656e+00,-1.668574213981628418e+00,-5.100641250610351562e+00,-2.494409799575805664e+00,9.651174545288085938e+00
-4.916497707366943359e+00,-6.054916858673095703e+00,-1.130254459381103516e+01,-5.006614208221435547e+00,-8.283416748046875000e+00,-1.642728567123413086e+00,-5.298982143402099609e+00,-4.407041549682617188e+00,9.988434791564941406e+00
-4.868203639984130859e+00,-5.161889076232910156e+00,-1.062234783172607422e+01,-5.184752464294433594e+00,-8.610385894775390625e+00,-1.941827416419982910e+00,-4.913526535034179688e+00,-2.248631238937377930e+00,9.638692855834960938e+00
-5.005434513092041016e+00,-5.393757343292236328e+00,-1.138213920593261719e+01,-4.966309547424316406e+00,-8.078483581542968750e+00,-1.667658090591430664e+00,-5.133345603942871094e+00,-3.103212594985961914e+00,9.674160003662109375e+00
-4.691399097442626953e+00,-5.096308231353759766e+00,-1.012979602813720703e+01,-5.484007358551025391e+00,-8.974981307983398438e+00,-2.767928123474121094e+00,-4.743444442749023438e+00,-2.857360601425170898e+00,9.344428062438964844e+00
-4.934424877166748047e+00,-5.565139293670654297e+00,-1.111182308197021484e+01,-5.032788276672363281e+00,-8.308565139770507812e+00,-1.770627498626708984e+00,-5.251506805419921875e+00,-2.967325210571289062e+00,9.657255172729492188e+00
-4.821737289428710938e+00,-5.931367397308349609e+00,-1.118327236175537109e+01,-4.820289134979248047e+00,-8.291271209716796875e+00,-1.624612808227539062e+00,-5.393043518066406250e+00,-3.214052677154541016e+00,9.894627571105957031e+00
-4.119718551635742188e+00,-3.064243316650390625e+00,-9.767872810363769531e+00,-3.655032634735107422e+00,-7.386964797973632812e+00,-4.070500373840332031e+00,-4.131998062133789062e+00,-5.000523567199707031e+00,9.759704589843750000e+00
-4.283152580261230469e+00,-3.181431293487548828e+00,-9.591656684875488281e+00,-3.852470874786376953e+00,-7.883996963500976562e+00,-4.897584438323974609e+00,-4.451188564300537109e+00,-5.356020927429199219e+00,9.809042930603027344e+00
-4.176185607910156250e+00,-3.915128707885742188e+00,-9.725060462951660156e+00,-4.295547008514404297e+00,-7.718198776245117188e+00,-4.465774536132812500e+00,-4.615132808685302734e+00,-4.565272808074951172e+00,9.776916503906250000e+00
-3.865138530731201172e+00,-4.315697193145751953e+00,-9.554321289062500000e+00,-4.125246047973632812e+00,-7.435773849487304688e+00,-3.785640716552734375e+00,-4.509733200073242188e+00,-4.118714809417724609e+00,9.898754119873046875e+00
-3.704563379287719727e+00,-3.223332405090332031e+00,-9.446227073669433594e+00,-3.744772434234619141e+00,-7.512049674987792969e+00,-3.765287160873413086e+00,-3.537002563476562500e+00,-4.692480087280273438e+00,9.592749595642089844e+00
-4.091436862945556641e+00,-5.601112842559814453e+00,-1.020788669586181641e+01,-3.980181217193603516e+00,-7.646178245544433594e+00,-3.110058546066284180e+00,-4.691492557525634766e+00,-4.415612697601318359e+00,9.940389633178710938e+00
-3.980374813079833984e+00,-4.222197055816650391e+00,-9.649506568908691406e+00,-4.160135746002197266e+00,-7.432807922363281250e+00,-3.769717216491699219e+00,-4.286226272583007812e+00,-4.135288715362548828e+00,9.743899345397949219e+00
-3.960620880126953125e+00,-3.146573543548583984e+00,-9.524922370910644531e+00,-3.708817005157470703e+00,-7.590804100036621094e+00,-4.369593143463134766e+00,-4.194795131683349609e+00,-5.096173286437988281e+00,9.788792610168457031e+00
-4.049386501312255859e+00,-3.631366729736328125e+00,-9.867080688476562500e+00,-3.492865562438964844e+00,-7.069984436035156250e+00,-3.407207012176513672e+00,-3.770391225814819336e+00,-4.368043422698974609e+00,9.718926429748535156e+00
-4.317348480224609375e+00,-4.552667140960693359e+00,-1.025340557098388672e+01,-3.846659183502197266e+00,-7.763713836669921875e+00,-4.431344985961914062e+00,-5.442062377929687500e+00,-4.407451152801513672e+00,1.035788440704345703e+01
-4.342450618743896484e+00,-6.380080699920654297e+00,-8.942953109741210938e+00,-4.365810394287109375e+00,-7.565614700317382812e+00,-1.518555164337158203e+00,-5.059275150299072266e+00,-3.302971363067626953e+00,1.058826351165771484e+01
-4.279681682586669922e+00,-6.349426269531250000e+00,-8.936248779296875000e+00,-4.378141403198242188e+00,-7.686693191528320312e+00,-1.475980877876281738e+00,-4.882130622863769531e+00,-3.801925897598266602e+00,1.055658626556396484e+01
-4.568683147430419922e+00,-6.235124588012695312e+00,-1.002985095977783203e+01,-4.700323104858398438e+00,-8.004850387573242188e+00,-1.474411725997924805e+00,-5.176160812377929688e+00,-4.353288650512695312e+00,1.032471466064453125e+01
-4.256361961364746094e+00,-6.213814258575439453e+00,-9.676365852355957031e+00,-4.349025726318359375e+00,-7.846116065979003906e+00,-1.449868679046630859e+00,-5.161692142486572266e+00,-3.896172046661376953e+00,1.021072673797607422e+01
-4.681878089904785156e+00,-6.286033630371093750e+00,-9.999440193176269531e+00,-4.896402835845947266e+00,-7.971765518188476562e+00,-1.346905589103698730e+00,-5.585309982299804688e+00,-2.670900106430053711e+00,1.006287384033203125e+01
-4.497617721557617188e+00,-6.265254974365234375e+00,-9.748871803283691406e+00,-4.678584098815917969e+00,-7.922955513000488281e+00,-1.357867717742919922e+00,-5.231896400451660156e+00,-3.331428289413452148e+00,1.025725173950195312e+01
-4.465236186981201172e+00,-6.197198390960693359e+00,-9.241391181945800781e+00,-4.608474254608154297e+00,-7.679389953613281250e+00,-1.265706300735473633e+00,-4.945837020874023438e+00,-3.447634935379028320e+00,1.033857822418212891e+01
-4.494466781616210938e+00,-6.414626598358154297e+00,-9.823302268981933594e+00,-4.542625904083251953e+00,-7.872359275817871094e+00,-1.461159229278564453e+00,-5.161812305450439453e+00,-3.946466684341430664e+00,1.036305141448974609e+01
-4.640824794769287109e+00,-6.250845909118652344e+00,-1.087520885467529297e+01,-4.747693061828613281e+00,-8.253396987915039062e+00,-1.475018978118896484e+00,-5.501062393188476562e+00,-4.501055240631103516e+00,1.004571819305419922e+01
-4.520734786987304688e+00,-6.093561172485351562e+00,-9.886928558349609375e+00,-4.901419639587402344e+00,-8.106689453125000000e+00,-1.458205223083496094e+00,-5.624103546142578125e+00,-2.295843362808227539e+00,1.013655567169189453e+01
-4.777348518371582031e+00,-5.815922260284423828e+00,-1.048295593261718750e+01,-4.343006610870361328e+00,-8.032541275024414062e+00,-6.511219978332519531e+00,-6.717523574829101562e+00,-5.788698196411132812e+00,1.041158771514892578e+01
-4.772410869598388672e+00,-5.516207218170166016e+00,-1.067026996612548828e+01,-4.598858833312988281e+00,-8.818520545959472656e+00,-6.598069190979003906e+00,-8.014494895935058594e+00,-5.450788497924804688e+00,9.724404335021972656e+00
-4.566383361816406250e+00,-5.614704608917236328e+00,-1.033305835723876953e+01,-4.297112464904785156e+00,-8.081413269042968750e+00,-6.378839015960693359e+00,-6.849989891052246094e+00,-5.694588184356689453e+00,1.032947731018066406e+01
-4.752002239227294922e+00,-5.702902317047119141e+00,-1.057885837554931641e+01,-4.385477542877197266e+00,-7.623101234436035156e+00,-6.490525245666503906e+00,-6.469499588012695312e+00,-5.949092864990234375e+00,1.042549800872802734e+01
-4.581814765930175781e+00,-5.772436618804931641e+00,-1.032219600677490234e+01,-4.331546783447265625e+00,-8.258758544921875000e+00,-6.305727005004882812e+00,-6.874419212341308594e+00,-5.555546760559082031e+00,1.034396839141845703e+01
-4.154266834259033203e+00,-5.624681949615478516e+00,-9.891752243041992188e+00,-4.081747531890869141e+00,-8.695050239562988281e+00,-6.438334465026855469e+00,-7.709322929382324219e+00,-4.948687553405761719e+00,1.008096981048583984e+01
-4.306209087371826172e+00,-5.792693614959716797e+00,-1.009000301361083984e+01,-3.915638446807861328e+00,-8.333151817321777344e+00,-6.458007812500000000e+00,-7.095995426177978516e+00,-5.130754470825195312e+00,1.043992137908935547e+01
-4.002294063568115234e+00,-5.766525745391845703e+00,-9.942564010620117188e+00,-3.624867439270019531e+00,-8.561675071716308594e+00,-6.313469886779785156e+00,-7.498631477355957031e+00,-4.469132900238037109e+00,1.024427413940429688e+01
-3.777510404586791992e+00,-5.553586006164550781e+00,-9.819427490234375000e+00,-3.677072048187255859e+00,-8.515199661254882812e+00,-6.306219100952148438e+00,-7.497737407684326172e+00,-4.251269340515136719e+00,1.020725536346435547e+01
-3.324930667877197266e+00,-5.347880840301513672e+00,-9.382628440856933594e+00,-3.506053924560546875e+00,-8.559144020080566406e+00,-6.287215232849121094e+00,-7.306026458740234375e+00,-4.283388614654541016e+00,1.012245082855224609e+01
-2.220460176467895508e+00,-3.254617214202880859e+00,-7.441862106323242188e+00,-3.553049087524414062e+00,-8.106712341308593750e+00,-5.287274360656738281e+00,-6.069778442382812500e+00,-2.809746026992797852e+00,9.094091415405273438e+00
-2.438593387603759766e+00,-3.604400634765625000e+00,-7.395307540893554688e+00,-3.516579627990722656e+00,-8.379574775695800781e+00,-5.426317214965820312e+00,-6.374271392822265625e+00,-2.853814840316772461e+00,9.234017372131347656e+00
-2.360169172286987305e+00,-3.412619590759277344e+00,-8.451097488403320312e+00,-4.177101135253906250e+00,-7.806474685668945312e+00,-6.636188507080078125e+00,-7.903268814086914062e+00,-2.983653783798217773e+00,9.528807640075683594e+00
-2.482771873474121094e+00,-3.841790199279785156e+00,-7.646697998046875000e+00,-3.648377418518066406e+00,-8.415818214416503906e+00,-5.844711303710937500e+00,-6.816191673278808594e+00,-3.113887548446655273e+00,9.313209533691406250e+00
-2.348869323730468750e+00,-3.368101119995117188e+00,-7.724981307983398438e+00,-3.682796955108642578e+00,-8.045597076416015625e+00,-5.961319923400878906e+00,-6.808310508728027344e+00,-2.980060815811157227e+00,9.356994628906250000e+00
-2.403383970260620117e+00,-3.617887973785400391e+00,-7.571239471435546875e+00,-3.593233585357666016e+00,-8.173961639404296875e+00,-5.825326919555664062e+00,-6.680889606475830078e+00,-2.902904510498046875e+00,9.409276962280273438e+00
-1.901922941207885742e+00,-2.857491493225097656e+00,-6.396079063415527344e+00,-3.487357139587402344e+00,-7.853868484497070312e+00,-4.642220497131347656e+00,-5.210376739501953125e+00,-2.651072502136230469e+00,8.819433212280273438e+00
-2.425801992416381836e+00,-3.473639011383056641e+00,-8.666604042053222656e+00,-4.226634025573730469e+00,-7.875047683715820312e+00,-6.618913650512695312e+00,-8.049612045288085938e+00,-2.888036489486694336e+00,9.578585624694824219e+00
-2.761813402175903320e+00,-4.529428958892822266e+00,-8.610298156738281250e+00,-4.204357147216796875e+00,-9.298280715942382812e+00,-6.374828815460205078e+00,-8.077323913574218750e+00,-3.097194194793701172e+00,9.546545028686523438e+00
-2.160026550292968750e+00,-3.199937820434570312e+00,-7.487121582031250000e+00,-3.633356571197509766e+00,-7.933543205261230469e+00,-5.660643577575683594e+00,-6.509737014770507812e+00,-2.809395074844360352e+00,9.252790451049804688e+00
-2.520762681961059570e+00,-4.512532234191894531e+00,-8.418713569641113281e+00,-3.764136314392089844e+00,-8.758685111999511719e+00,-5.946500778198242188e+00,-6.857717514038085938e+00,-2.845607995986938477e+00,9.312727928161621094e+00
-3.493231773376464844e+00,-5.200995445251464844e+00,-9.703990936279296875e+00,-3.761437892913818359e+00,-9.369344711303710938e+00,-6.036531448364257812e+00,-7.458637714385986328e+00,-3.548513174057006836e+00,9.483872413635253906e+00
-2.584908008575439453e+00,-3.867897987365722656e+00,-8.349914550781250000e+00,-3.528659820556640625e+00,-8.496235847473144531e+00,-5.157243728637695312e+00,-5.962530612945556641e+00,-2.809358119964599609e+00,8.923996925354003906e+00
-1.935862421989440918e+00,-4.303316116333007812e+00,-8.837042808532714844e+00,-4.080441951751708984e+00,-8.775453567504882812e+00,-6.792435169219970703e+00,-7.846815109252929688e+00,-2.771865606307983398e+00,9.650301933288574219e+00
-1.974915623664855957e+00,-4.457594394683837891e+00,-8.583316802978515625e+00,-3.874523639678955078e+00,-8.827295303344726562e+00,-6.233831405639648438e+00,-7.277166366577148438e+00,-2.712364435195922852e+00,9.507740020751953125e+00
-1.873973727226257324e+00,-4.330629348754882812e+00,-8.606106758117675781e+00,-3.933675765991210938e+00,-8.698007583618164062e+00,-6.702020168304443359e+00,-7.617883205413818359e+00,-2.731129646301269531e+00,9.643445014953613281e+00
-2.214321613311767578e+00,-3.525855541229248047e+00,-7.888569831848144531e+00,-3.617067337036132812e+00,-8.349005699157714844e+00,-5.160818576812744141e+00,-6.094489574432373047e+00,-2.749064445495605469e+00,8.989420890808105469e+00
-2.369491338729858398e+00,-4.726793289184570312e+00,-8.263896942138671875e+00,-3.750353336334228516e+00,-8.770233154296875000e+00,-6.156031608581542969e+00,-7.281792640686035156e+00,-2.091149806976318359e+00,9.834581375122070312e+00
-2.018941164016723633e+00,-3.303379058837890625e+00,-7.073250770568847656e+00,-3.541592597961425781e+00,-8.247162818908691406e+00,-4.766215324401855469e+00,-5.380913257598876953e+00,-2.602337121963500977e+00,8.921011924743652344e+00
-2.774271726608276367e+00,-4.094594955444335938e+00,-8.441418647766113281e+00,-3.789733886718750000e+00,-8.689435958862304688e+00,-5.854889869689941406e+00,-6.825079917907714844e+00,-3.402936220169067383e+00,8.995122909545898438e+00
-2.185708284378051758e+00,-4.533153533935546875e+00,-7.518970489501953125e+00,-4.257154941558837891e+00,-9.321043014526367188e+00,-5.685996055603027344e+00,-7.024731159210205078e+00,-7.991816997528076172e-01,9.089006423950195312e+00
-2.262883186340332031e+00,-4.569483280181884766e+00,-7.531698226928710938e+00,-4.042825222015380859e+00,-9.318938255310058594e+00,-5.891765594482421875e+00,-7.090846538543701172e+00,-6.676104068756103516e-01,9.339019775390625000e+00
-2.268470525741577148e+00,-4.712046146392822266e+00,-7.154647827148437500e+00,-4.181434154510498047e+00,-9.433450698852539062e+00,-5.621942043304443359e+00,-7.273235321044921875e+00,-4.736517965793609619e-01,9.543192863464355469e+00
-1.957889556884765625e+00,-4.492495536804199219e+00,-6.484776496887207031e+00,-4.192668437957763672e+00,-9.303586006164550781e+00,-5.600148200988769531e+00,-7.086180686950683594e+00,-2.247477322816848755e-01,9.530332565307617188e+00
-2.142154216766357422e+00,-4.618504047393798828e+00,-7.935760498046875000e+00,-4.048925876617431641e+00,-9.253221511840820312e+00,-5.723249435424804688e+00,-6.934657096862792969e+00,-1.262111067771911621e+00,9.547652244567871094e+00
-2.086048126220703125e+00,-4.747772216796875000e+00,-7.074005126953125000e+00,-4.142578125000000000e+00,-9.451520919799804688e+00,-5.557088375091552734e+00,-7.379340171813964844e+00,-5.391134023666381836e-01,9.779605865478515625e+00
-1.308080315589904785e+00,-3.633047103881835938e+00,-4.345501899719238281e+00,-3.886064052581787109e+00,-9.213444709777832031e+00,-5.148751258850097656e+00,-6.613329410552978516e+00,8.851462602615356445e-01,9.770651817321777344e+00
-1.950289130210876465e+00,-3.947360038757324219e+00,-6.008770942687988281e+00,-3.952177524566650391e+00,-9.328619956970214844e+00,-5.428592681884765625e+00,-6.673252105712890625e+00,3.473459184169769287e-01,9.770808219909667969e+00
-1.210156798362731934e+00,-3.644386291503906250e+00,-4.515810966491699219e+00,-3.894701957702636719e+00,-9.336603164672851562e+00,-5.300704956054687500e+00,-6.484767913818359375e+00,6.808567047119140625e-01,9.780377388000488281e+00
-1.283987998962402344e+00,-3.460231781005859375e+00,-4.382917404174804688e+00,-3.912978649139404297e+00,-9.235074996948242188e+00,-5.072892189025878906e+00,-6.369372367858886719e+00,1.040970325469970703e+00,9.699847221374511719e+00
-3.101539611816406250e+00,-5.396453380584716797e+00,-7.880321502685546875e+00,-5.125623226165771484e+00,-7.710872650146484375e+00,-5.243631362915039062e+00,-8.637742996215820312e+00,-3.483516454696655273e+00,9.672793388366699219e+00
-2.159049987792968750e+00,-3.949995994567871094e+00,-7.396769523620605469e+00,-3.679095268249511719e+00,-8.604463577270507812e+00,-5.001311302185058594e+00,-5.702704906463623047e+00,-2.028357505798339844e+00,9.212064743041992188e+00
-1.948346138000488281e+00,-3.673650264739990234e+00,-7.190953254699707031e+00,-3.625246524810791016e+00,-8.583744049072265625e+00,-4.786631584167480469e+00,-5.674726486206054688e+00,-2.370962858200073242e+00,8.966505050659179688e+00
-2.588378429412841797e+00,-4.972382545471191406e+00,-8.246682167053222656e+00,-5.187732219696044922e+00,-7.018900871276855469e+00,-5.344177722930908203e+00,-8.311091423034667969e+00,-3.168521881103515625e+00,9.130807876586914062e+00
-1.902700424194335938e+00,-3.448968887329101562e+00,-6.868210792541503906e+00,-3.621970176696777344e+00,-8.425536155700683594e+00,-4.684611797332763672e+00,-5.513438224792480469e+00,-2.427757501602172852e+00,8.940718650817871094e+00
-1.843743205070495605e+00,-3.188333034515380859e+00,-6.652895927429199219e+00,-3.615226745605468750e+00,-8.280829429626464844e+00,-4.581382274627685547e+00,-5.241056919097900391e+00,-2.405108213424682617e+00,8.789718627929687500e+00
-1.701680898666381836e+00,-3.777030467987060547e+00,-6.898646354675292969e+00,-3.697025299072265625e+00,-8.772939682006835938e+00,-4.984489440917968750e+00,-6.052004337310791016e+00,-2.269520759582519531e+00,9.232260704040527344e+00
-2.475235462188720703e+00,-4.081275463104248047e+00,-8.624322891235351562e+00,-4.797334194183349609e+00,-7.158462524414062500e+00,-5.946056365966796875e+00,-7.726018428802490234e+00,-3.016749143600463867e+00,9.121283531188964844e+00
-1.527503609657287598e+00,-4.075227260589599609e+00,-7.001693725585937500e+00,-3.723602294921875000e+00,-9.038441658020019531e+00,-5.439506530761718750e+00,-6.326066970825195312e+00,-1.897203683853149414e+00,9.465554237365722656e+00
-1.843154311180114746e+00,-3.767315387725830078e+00,-7.154464721679687500e+00,-3.586527347564697266e+00,-8.565645217895507812e+00,-5.462019443511962891e+00,-6.117606163024902344e+00,-2.412446737289428711e+00,9.394600868225097656e+00
