-4.509778499603271484e+00,-5.151431083679199219e+00,-1.034435749053955078e+01,-5.377598762512207031e+00,-7.715033531188964844e+00,-2.242966413497924805e+00,-5.142794609069824219e+00,-3.719219684600830078e+00,-2.276551961898803711e+00,-2.081050872802734375e+00,-1.323421478271484375e+00
-4.608416080474853516e+00,-4.187325000762939453e+00,-1.050474262237548828e+01,-5.274833679199218750e+00,-7.411108970642089844e+00,-2.795939207077026367e+00,-5.338264465332031250e+00,-3.606798887252807617e+00,-2.382789850234985352e+00,-1.549744725227355957e+00,-7.963355183601379395e-01
-4.155765056610107422e+00,-4.140319347381591797e+00,-1.004338836669921875e+01,-5.098754882812500000e+00,-7.398192882537841797e+00,-2.131681680679321289e+00,-5.242245674133300781e+00,-2.882614374160766602e+00,-2.035610914230346680e+00,-1.171994447708129883e+00,-4.923092722892761230e-01
-4.383769035339355469e+00,-4.226571559906005859e+00,-1.045936107635498047e+01,-5.076440811157226562e+00,-7.237622737884521484e+00,-2.162164211273193359e+00,-4.968070030212402344e+00,-3.849074602127075195e+00,-2.168365001678466797e+00,-1.937213659286499023e+00,-1.024272203445434570e+00
-4.446127414703369141e+00,-4.436329364776611328e+00,-1.073307609558105469e+01,-5.302846908569335938e+00,-7.552200794219970703e+00,-1.794816732406616211e+00,-5.390478134155273438e+00,-2.676774978637695312e+00,-2.516939640045166016e+00,-1.385942816734313965e+00,-7.594202756881713867e-01
-4.280149459838867188e+00,-5.156276702880859375e+00,-1.037047004699707031e+01,-5.441232681274414062e+00,-8.094243049621582031e+00,-2.887396812438964844e+00,-5.443595886230468750e+00,-3.144686698913574219e+00,-2.500091791152954102e+00,-1.853996038436889648e+00,-1.273954153060913086e+00
-4.669042110443115234e+00,-4.908264636993408203e+00,-1.065318775177001953e+01,-5.180291175842285156e+00,-7.651711940765380859e+00,-2.032723903656005859e+00,-4.986190795898437500e+00,-2.996243953704833984e+00,-2.458721637725830078e+00,-1.874268651008605957e+00,-1.206707477569580078e+00
-4.002307891845703125e+00,-5.689022541046142578e+00,-9.939528465270996094e+00,-5.578397750854492188e+00,-8.457030296325683594e+00,-3.378066539764404297e+00,-5.842375755310058594e+00,-3.948085546493530273e+00,-2.493551492691040039e+00,-2.070997476577758789e+00,-1.573999404907226562e+00
-4.283789634704589844e+00,-4.173884391784667969e+00,-1.041827487945556641e+01,-5.082160949707031250e+00,-7.406116008758544922e+00,-1.659666776657104492e+00,-5.275163650512695312e+00,-2.545992851257324219e+00,-2.199733495712280273e+00,-1.172474384307861328e+00,-5.638124942779541016e-01
-4.082487106323242188e+00,-5.174161911010742188e+00,-1.032900524139404297e+01,-5.335379600524902344e+00,-7.904200077056884766e+00,-2.288639545440673828e+00,-5.505731582641601562e+00,-3.132237434387207031e+00,-2.337027549743652344e+00,-1.752249598503112793e+00,-1.144870519638061523e+00
-4.720181941986083984e+00,-5.325974941253662109e+00,-1.104303741455078125e+01,-5.392121315002441406e+00,-8.738022804260253906e+00,-2.041405677795410156e+00,-4.645288944244384766e+00,-3.025858640670776367e+00,-3.933148622512817383e+00,-3.026205539703369141e+00,-1.174129605293273926e+00
-4.806971073150634766e+00,-5.709889411926269531e+00,-1.120955181121826172e+01,-5.166105270385742188e+00,-8.390097618103027344e+00,-1.946382522583007812e+00,-5.012932777404785156e+00,-3.218576192855834961e+00,-3.744376659393310547e+00,-2.728247165679931641e+00,-1.006268024444580078e+00
-4.805383682250976562e+00,-5.408762454986572266e+00,-1.093392658233642578e+01,-5.173537254333496094e+00,-8.443325996398925781e+00,-2.160253524780273438e+00,-4.788025856018066406e+00,-4.315479755401611328e+00,-3.895414590835571289e+00,-2.735388755798339844e+00,-1.228147268295288086e+00
-4.769490718841552734e+00,-5.793358802795410156e+00,-1.100990295410156250e+01,-4.944418907165527344e+00,-8.305239677429199219e+00,-2.113879919052124023e+00,-4.847074508666992188e+00,-4.494894027709960938e+00,-3.819748878479003906e+00,-2.769620418548583984e+00,-9.836534261703491211e-01
-4.760463714599609375e+00,-5.796679019927978516e+00,-1.122733402252197266e+01,-5.258529663085937500e+00,-8.374909400939941406e+00,-2.105849742889404297e+00,-5.061648368835449219e+00,-4.519650936126708984e+00,-3.977489471435546875e+00,-2.773732185363769531e+00,-1.170323014259338379e+00
-4.805531978607177734e+00,-4.857821941375732422e+00,-1.096275806427001953e+01,-5.086098670959472656e+00,-8.365995407104492188e+00,-2.138545036315917969e+00,-4.398483276367187500e+00,-1.953501224517822266e+00,-3.622352361679077148e+00,-2.727017879486083984e+00,-9.905185699462890625e-01
-4.739305019378662109e+00,-5.940447807312011719e+00,-1.120411300659179688e+01,-4.931343555450439453e+00,-8.184715270996093750e+00,-1.709205150604248047e+00,-5.261936187744140625e+00,-4.558800220489501953e+00,-3.676851987838745117e+00,-2.541635990142822266e+00,-7.871528267860412598e-01
-4.623387813568115234e+00,-5.082614898681640625e+00,-1.077096271514892578e+01,-5.423574447631835938e+00,-8.598853111267089844e+00,-2.422842264175415039e+00,-4.370255947113037109e+00,-4.006952285766601562e+00,-3.967866659164428711e+00,-2.925714969635009766e+00,-1.360709190368652344e+00
-4.866210460662841797e+00,-5.424069404602050781e+00,-1.125904750823974609e+01,-5.142129898071289062e+00,-8.314595222473144531e+00,-1.944276809692382812e+00,-4.925998687744140625e+00,-3.015641927719116211e+00,-3.709319114685058594e+00,-2.779407501220703125e+00,-8.880594968795776367e-01
-4.697522640228271484e+00,-5.988863468170166016e+00,-1.111977481842041016e+01,-4.823688030242919922e+00,-8.088397026062011719e+00,-1.626016974449157715e+00,-5.190094947814941406e+00,-4.520475387573242188e+00,-3.572749614715576172e+00,-2.437085628509521484e+00,-8.387486934661865234e-01
-3.814095497131347656e+00,-4.831299781799316406e+00,-1.033736133575439453e+01,-4.193438529968261719e+00,-8.504323959350585938e+00,-3.599542140960693359e+00,-5.192740440368652344e+00,-3.827177524566650391e+00,-3.070001602172851562e+00,-1.142834424972534180e+00,-5.496425628662109375e-01
-3.795996189117431641e+00,-4.770694732666015625e+00,-1.044092845916748047e+01,-4.288372039794921875e+00,-8.524400711059570312e+00,-3.803377151489257812e+00,-5.378854751586914062e+00,-3.974917411804199219e+00,-3.095261573791503906e+00,-1.225162744522094727e+00,-5.306910276412963867e-01
-3.749764442443847656e+00,-4.647806167602539062e+00,-1.036610126495361328e+01,-4.071537971496582031e+00,-8.329822540283203125e+00,-3.779690980911254883e+00,-5.189884185791015625e+00,-3.777717113494873047e+00,-3.011737585067749023e+00,-1.165775775909423828e+00,-5.254185199737548828e-01
-3.762578487396240234e+00,-4.769617557525634766e+00,-1.026052284240722656e+01,-4.154948234558105469e+00,-8.484038352966308594e+00,-3.668548107147216797e+00,-5.068279266357421875e+00,-3.655272960662841797e+00,-2.927742958068847656e+00,-9.949605464935302734e-01,-4.652149677276611328e-01
-3.788530826568603516e+00,-4.856639385223388672e+00,-1.041184043884277344e+01,-4.307508468627929688e+00,-8.590195655822753906e+00,-3.638337135314941406e+00,-5.155709266662597656e+00,-3.868593454360961914e+00,-3.051908493041992188e+00,-1.060480356216430664e+00,-4.730445742607116699e-01
-4.006402015686035156e+00,-4.630035877227783203e+00,-1.056400012969970703e+01,-4.167769432067871094e+00,-8.491810798645019531e+00,-3.940648317337036133e+00,-5.393270492553710938e+00,-3.907817602157592773e+00,-3.153767108917236328e+00,-1.267520904541015625e+00,-5.294008255004882812e-01
-3.925281047821044922e+00,-4.628476142883300781e+00,-1.060766315460205078e+01,-4.083838462829589844e+00,-8.336729049682617188e+00,-3.732546567916870117e+00,-5.193493843078613281e+00,-3.812047004699707031e+00,-3.099803686141967773e+00,-1.234866619110107422e+00,-4.995403885841369629e-01
-3.799846172332763672e+00,-4.782486915588378906e+00,-1.041793155670166016e+01,-4.263336181640625000e+00,-8.409281730651855469e+00,-3.814886331558227539e+00,-5.254669189453125000e+00,-3.957289218902587891e+00,-2.961967706680297852e+00,-1.059647560119628906e+00,-4.271371960639953613e-01
-3.912896633148193359e+00,-4.866033554077148438e+00,-1.049507427215576172e+01,-4.434391498565673828e+00,-8.667302131652832031e+00,-3.804378032684326172e+00,-5.467263221740722656e+00,-4.106373310089111328e+00,-3.285120248794555664e+00,-1.295745849609375000e+00,-5.875899791717529297e-01
-3.801996707916259766e+00,-4.770644187927246094e+00,-1.034353160858154297e+01,-4.266361236572265625e+00,-8.628079414367675781e+00,-3.884781837463378906e+00,-5.487339019775390625e+00,-3.750785350799560547e+00,-3.184408426284790039e+00,-1.356799960136413574e+00,-5.984182357788085938e-01
-4.378998279571533203e+00,-5.108321666717529297e+00,-9.327977180480957031e+00,-4.516154289245605469e+00,-7.463290691375732422e+00,-1.271851778030395508e+00,-4.486042976379394531e+00,-2.378846883773803711e+00,-2.894140243530273438e+00,-2.334977626800537109e+00,-5.867015719413757324e-01
-4.252910614013671875e+00,-6.130337715148925781e+00,-8.747488021850585938e+00,-4.346629142761230469e+00,-7.381057262420654297e+00,-1.213701128959655762e+00,-4.666864395141601562e+00,-3.787018299102783203e+00,-2.721560955047607422e+00,-1.981978297233581543e+00,-6.178389787673950195e-01
-4.467369556427001953e+00,-5.852643966674804688e+00,-9.238184928894042969e+00,-4.386891365051269531e+00,-7.607540607452392578e+00,-1.225622653961181641e+00,-4.634936332702636719e+00,-3.829915523529052734e+00,-2.798640012741088867e+00,-2.116625070571899414e+00,-6.232229471206665039e-01
-3.915772914886474609e+00,-6.251764297485351562e+00,-9.226251602172851562e+00,-4.075303077697753906e+00,-7.506758689880371094e+00,-1.034048318862915039e+00,-4.692702293395996094e+00,-4.054433822631835938e+00,-2.591396331787109375e+00,-2.228742122650146484e+00,-5.634822249412536621e-01
-4.559840679168701172e+00,-4.685059547424316406e+00,-9.543146133422851562e+00,-4.591244220733642578e+00,-7.321053028106689453e+00,-1.371061086654663086e+00,-4.346173286437988281e+00,-1.585311651229858398e+00,-2.898385524749755859e+00,-2.487367153167724609e+00,-5.773880481719970703e-01
-4.599550724029541016e+00,-5.203860282897949219e+00,-9.315299034118652344e+00,-4.714674949645996094e+00,-7.575983047485351562e+00,-1.302158832550048828e+00,-4.570259571075439453e+00,-2.898739814758300781e+00,-3.064458847045898438e+00,-2.399835348129272461e+00,-6.671476364135742188e-01
-4.710474491119384766e+00,-4.707579612731933594e+00,-9.494858741760253906e+00,-4.883036613464355469e+00,-7.463435649871826172e+00,-1.087082743644714355e+00,-4.817189216613769531e+00,-3.111793994903564453e+00,-3.120544433593750000e+00,-2.696518898010253906e+00,-8.137353062629699707e-01
-4.275677680969238281e+00,-5.758581161499023438e+00,-9.221003532409667969e+00,-4.305253028869628906e+00,-7.553237438201904297e+00,-1.306290864944458008e+00,-4.529397964477539062e+00,-3.220964431762695312e+00,-2.684031009674072266e+00,-2.054490089416503906e+00,-5.662660598754882812e-01
-4.105107307434082031e+00,-6.253778457641601562e+00,-9.342463493347167969e+00,-4.290126800537109375e+00,-7.545258045196533203e+00,-1.046683907508850098e+00,-4.780957221984863281e+00,-4.039950370788574219e+00,-2.729255199432373047e+00,-2.155944347381591797e+00,-6.350958347320556641e-01
-4.460346698760986328e+00,-5.451151847839355469e+00,-9.188146591186523438e+00,-4.595712661743164062e+00,-7.429785251617431641e+00,-1.263525724411010742e+00,-4.589363098144531250e+00,-2.852782726287841797e+00,-2.942702770233154297e+00,-2.317810058593750000e+00,-6.650779843330383301e-01
-4.432482242584228516e+00,-5.614119529724121094e+00,-1.045115947723388672e+01,-4.570846557617187500e+00,-7.948387622833251953e+00,-6.488013267517089844e+00,-6.905306816101074219e+00,-5.876288890838623047e+00,-2.938437700271606445e+00,-2.153887748718261719e+00,-9.252544641494750977e-01
-4.117406368255615234e+00,-5.255597114562988281e+00,-1.039200019836425781e+01,-4.674242019653320312e+00,-8.891896247863769531e+00,-6.529843807220458984e+00,-7.721133232116699219e+00,-4.702366352081298828e+00,-3.611076116561889648e+00,-2.165215969085693359e+00,-1.108857154846191406e+00
-4.431694507598876953e+00,-5.802143096923828125e+00,-1.033492183685302734e+01,-4.619647026062011719e+00,-7.897449970245361328e+00,-6.580900669097900391e+00,-6.653330802917480469e+00,-5.655445098876953125e+00,-2.966784000396728516e+00,-2.223531723022460938e+00,-9.662624597549438477e-01
-4.629730701446533203e+00,-5.885690689086914062e+00,-1.047278308868408203e+01,-4.385301589965820312e+00,-7.353583812713623047e+00,-6.583169460296630859e+00,-6.176373481750488281e+00,-5.964336872100830078e+00,-2.835279941558837891e+00,-2.415705680847167969e+00,-1.137061834335327148e+00
-4.447963237762451172e+00,-5.929366111755371094e+00,-1.025299930572509766e+01,-4.424677848815917969e+00,-7.993996143341064453e+00,-6.504020214080810547e+00,-6.562926292419433594e+00,-5.335806369781494141e+00,-2.814610004425048828e+00,-2.001698970794677734e+00,-8.263699412345886230e-01
-4.036731719970703125e+00,-5.336767196655273438e+00,-1.031927394866943359e+01,-4.509896278381347656e+00,-8.578365325927734375e+00,-6.246815204620361328e+00,-7.509535789489746094e+00,-4.535737514495849609e+00,-3.118673324584960938e+00,-1.816217064857482910e+00,-6.337774395942687988e-01
-3.864289283752441406e+00,-5.442802429199218750e+00,-1.022173881530761719e+01,-4.396270751953125000e+00,-8.373816490173339844e+00,-5.850597381591796875e+00,-7.015640258789062500e+00,-4.282296657562255859e+00,-2.706817626953125000e+00,-1.439989089965820312e+00,-4.668841361999511719e-01
-3.692349433898925781e+00,-5.381898880004882812e+00,-1.009511280059814453e+01,-4.141365051269531250e+00,-8.519490242004394531e+00,-5.880014896392822266e+00,-7.164462089538574219e+00,-3.830924272537231445e+00,-2.614905595779418945e+00,-1.445982217788696289e+00,-4.534620642662048340e-01
-3.524688243865966797e+00,-5.408972740173339844e+00,-9.874823570251464844e+00,-4.082500457763671875e+00,-8.544351577758789062e+00,-5.856948375701904297e+00,-7.321111679077148438e+00,-3.889979362487792969e+00,-2.479486227035522461e+00,-1.390825867652893066e+00,-3.036868870258331299e-01
-3.136827945709228516e+00,-5.286434173583984375e+00,-9.335173606872558594e+00,-3.674664974212646484e+00,-8.372037887573242188e+00,-5.270741462707519531e+00,-6.706172943115234375e+00,-3.087255954742431641e+00,-1.947798967361450195e+00,-1.099506616592407227e+00,-1.281157135963439941e-02
-2.792224884033203125e+00,-4.317574501037597656e+00,-8.826074600219726562e+00,-3.439497709274291992e+00,-8.079938888549804688e+00,-4.352359294891357422e+00,-5.736106872558593750e+00,-2.321561574935913086e+00,-1.581614017486572266e+00,-8.743916153907775879e-01,2.628568410873413086e-01
-3.053889274597167969e+00,-4.307986736297607422e+00,-9.047068595886230469e+00,-3.233032464981079102e+00,-7.702491283416748047e+00,-3.946160316467285156e+00,-5.398964881896972656e+00,-2.661625146865844727e+00,-1.436300754547119141e+00,-5.559978485107421875e-01,4.559866487979888916e-01
-2.679470539093017578e+00,-4.636005878448486328e+00,-8.702028274536132812e+00,-3.540653944015502930e+00,-8.071331977844238281e+00,-4.273315906524658203e+00,-5.731401443481445312e+00,-2.458148479461669922e+00,-1.459836602210998535e+00,-5.290849208831787109e-01,3.389879465103149414e-01
-3.384154319763183594e+00,-4.988553047180175781e+00,-9.281553268432617188e+00,-3.506918668746948242e+00,-8.381333351135253906e+00,-4.393435955047607422e+00,-6.257757186889648438e+00,-2.352949857711791992e+00,-1.683541297912597656e+00,-9.544746875762939453e-01,-5.183339118957519531e-02
-2.280836582183837891e+00,-3.900938510894775391e+00,-8.161194801330566406e+00,-3.090862512588500977e+00,-7.560848712921142578e+00,-4.058720111846923828e+00,-5.095310211181640625e+00,-2.598182916641235352e+00,-1.399515151977539062e+00,-7.544649839401245117e-01,5.312370657920837402e-01
-2.837267875671386719e+00,-4.226635456085205078e+00,-8.555822372436523438e+00,-3.248827219009399414e+00,-7.590639114379882812e+00,-3.888487577438354492e+00,-5.502036094665527344e+00,-2.399319410324096680e+00,-1.339766502380371094e+00,-5.732573270797729492e-01,5.808950662612915039e-01
-2.852923393249511719e+00,-4.171114444732666016e+00,-8.745229721069335938e+00,-3.419966220855712891e+00,-8.015716552734375000e+00,-4.322170257568359375e+00,-5.574727058410644531e+00,-2.813422918319702148e+00,-1.575907588005065918e+00,-8.657522201538085938e-01,3.170299530029296875e-01
-2.721407413482666016e+00,-5.137100219726562500e+00,-8.482814788818359375e+00,-3.934480428695678711e+00,-8.832711219787597656e+00,-5.420666217803955078e+00,-7.439238548278808594e+00,-2.417316198348999023e+00,-2.448958635330200195e+00,-2.045654773712158203e+00,-1.012685418128967285e+00
-3.217214107513427734e+00,-4.792964935302734375e+00,-9.090524673461914062e+00,-3.650933742523193359e+00,-8.643793106079101562e+00,-4.641628742218017578e+00,-6.494120597839355469e+00,-2.390089750289916992e+00,-1.874171495437622070e+00,-1.320104122161865234e+00,-2.271685898303985596e-01
-2.103736400604248047e+00,-4.081460475921630859e+00,-7.826080799102783203e+00,-3.353685379028320312e+00,-7.913031101226806641e+00,-4.318705081939697266e+00,-5.431285858154296875e+00,-2.443843126296997070e+00,-1.442986488342285156e+00,-8.532117605209350586e-01,3.897556662559509277e-01
-2.546286106109619141e+00,-4.611350536346435547e+00,-8.639482498168945312e+00,-3.598446369171142578e+00,-8.650186538696289062e+00,-5.220888614654541016e+00,-6.714205741882324219e+00,-2.491344928741455078e+00,-1.747573852539062500e+00,-1.083227157592773438e+00,2.083917856216430664e-01
-2.878683090209960938e+00,-4.672895431518554688e+00,-9.022215843200683594e+00,-3.637145757675170898e+00,-8.534546852111816406e+00,-4.801624774932861328e+00,-6.529596328735351562e+00,-2.287891149520874023e+00,-1.741796255111694336e+00,-1.184744000434875488e+00,1.490544974803924561e-01
-2.703282356262207031e+00,-4.036498546600341797e+00,-8.764637947082519531e+00,-3.612532138824462891e+00,-8.207307815551757812e+00,-4.462746620178222656e+00,-5.754469871520996094e+00,-2.584301233291625977e+00,-1.698055982589721680e+00,-8.846934437751770020e-01,4.429725110530853271e-01
-1.868699908256530762e+00,-4.777316093444824219e+00,-8.552800178527832031e+00,-4.020404815673828125e+00,-9.465758323669433594e+00,-6.093604564666748047e+00,-7.608066558837890625e+00,-2.678255796432495117e+00,-2.388435840606689453e+00,-2.141398429870605469e+00,-8.552218675613403320e-01
-2.024761438369750977e+00,-4.572453022003173828e+00,-8.630675315856933594e+00,-3.913842916488647461e+00,-9.261104583740234375e+00,-5.829190731048583984e+00,-7.319157600402832031e+00,-2.635789632797241211e+00,-2.133870601654052734e+00,-1.788030982017517090e+00,-4.200836420059204102e-01
-1.817802071571350098e+00,-4.662799835205078125e+00,-8.508158683776855469e+00,-3.976771116256713867e+00,-9.369542121887207031e+00,-5.985345363616943359e+00,-7.372600555419921875e+00,-2.687647581100463867e+00,-2.303968667984008789e+00,-2.077062129974365234e+00,-7.680668830871582031e-01
-2.484264373779296875e+00,-4.111954689025878906e+00,-8.587261199951171875e+00,-3.730176925659179688e+00,-8.608363151550292969e+00,-4.926933288574218750e+00,-6.188878059387207031e+00,-2.481624364852905273e+00,-1.811514854431152344e+00,-1.078270196914672852e+00,2.051209509372711182e-01
-2.587211608886718750e+00,-5.038118839263916016e+00,-8.698664665222167969e+00,-3.643656492233276367e+00,-8.704414367675781250e+00,-5.475307941436767578e+00,-6.993948936462402344e+00,-2.431782960891723633e+00,-1.679278612136840820e+00,-1.298703432083129883e+00,-1.587535738945007324e-01
-2.703809738159179688e+00,-4.485972881317138672e+00,-9.013837814331054688e+00,-3.688268661499023438e+00,-8.496239662170410156e+00,-5.098579883575439453e+00,-6.339934349060058594e+00,-3.054802417755126953e+00,-1.719947338104248047e+00,-8.696557879447937012e-01,4.380082488059997559e-01
-2.518511295318603516e+00,-4.042676448822021484e+00,-8.777336120605468750e+00,-3.623803615570068359e+00,-8.459900856018066406e+00,-4.813444137573242188e+00,-5.869474411010742188e+00,-2.644439220428466797e+00,-1.800899982452392578e+00,-1.077318668365478516e+00,1.488742530345916748e-01
-2.046456336975097656e+00,-4.299477100372314453e+00,-7.043997287750244141e+00,-4.388801574707031250e+00,-9.104643821716308594e+00,-5.817147731781005859e+00,-6.976998329162597656e+00,-7.457600831985473633e-01,-2.832298755645751953e+00,-1.718246698379516602e+00,-9.339443445205688477e-01
-1.855742573738098145e+00,-3.988557815551757812e+00,-6.225914478302001953e+00,-4.087756156921386719e+00,-9.263510704040527344e+00,-5.669092655181884766e+00,-6.712031364440917969e+00,-1.534766554832458496e-01,-2.493803501129150391e+00,-1.696192383766174316e+00,-7.289601564407348633e-01
-1.744957208633422852e+00,-3.879858970642089844e+00,-6.029201030731201172e+00,-4.106823921203613281e+00,-9.069386482238769531e+00,-5.573541164398193359e+00,-6.662354469299316406e+00,1.243901252746582031e-01,-2.465903997421264648e+00,-1.498726248741149902e+00,-6.666477918624877930e-01
-1.252529025077819824e+00,-3.372507095336914062e+00,-5.018949508666992188e+00,-3.966811895370483398e+00,-8.866242408752441406e+00,-5.409715175628662109e+00,-6.328236579895019531e+00,5.932286381721496582e-01,-2.274437665939331055e+00,-1.396101593971252441e+00,-6.402847170829772949e-01
-2.069465160369873047e+00,-4.337396621704101562e+00,-7.319017887115478516e+00,-4.286957740783691406e+00,-9.347365379333496094e+00,-5.584615230560302734e+00,-7.109624862670898438e+00,-1.053473711013793945e+00,-2.563841342926025391e+00,-1.458777070045471191e+00,-5.486561059951782227e-01
-1.480732917785644531e+00,-3.661008358001708984e+00,-5.529635906219482422e+00,-3.887115240097045898e+00,-8.963741302490234375e+00,-5.474459171295166016e+00,-6.545851707458496094e+00,4.161449074745178223e-01,-2.230628967285156250e+00,-1.309678316116333008e+00,-6.251258254051208496e-01
-3.526889085769653320e-01,-2.397574186325073242e+00,-2.398492813110351562e+00,-3.565551519393920898e+00,-8.485427856445312500e+00,-4.791944980621337891e+00,-5.442830085754394531e+00,1.958365678787231445e+00,-1.895845890045166016e+00,-1.048559188842773438e+00,-3.410007953643798828e-01
-9.188973903656005859e-01,-2.834537982940673828e+00,-3.873246192932128906e+00,-3.746445894241333008e+00,-8.605153083801269531e+00,-4.912796497344970703e+00,-5.914431571960449219e+00,1.349123716354370117e+00,-2.123193740844726562e+00,-1.051100254058837891e+00,-2.851284742355346680e-01
-4.567393064498901367e-01,-2.424803733825683594e+00,-3.016816616058349609e+00,-3.710591077804565430e+00,-8.716353416442871094e+00,-4.962393760681152344e+00,-5.775983810424804688e+00,1.546445369720458984e+00,-2.085978507995605469e+00,-1.194333314895629883e+00,-4.249255061149597168e-01
-4.923443794250488281e-01,-2.460492849349975586e+00,-2.929300308227539062e+00,-3.662012815475463867e+00,-8.560255050659179688e+00,-4.849922180175781250e+00,-5.676649093627929688e+00,1.757735013961791992e+00,-2.035948276519775391e+00,-1.073355197906494141e+00,-3.346285223960876465e-01
-3.742456912994384766e+00,-5.494547843933105469e+00,-9.207279205322265625e+00,-4.721044540405273438e+00,-8.168435096740722656e+00,-5.502592563629150391e+00,-8.195810317993164062e+00,-3.165926456451416016e+00,-3.612569808959960938e+00,-2.367665290832519531e+00,-1.505968213081359863e+00
-2.690661430358886719e+00,-4.222506046295166016e+00,-8.731468200683593750e+00,-3.642327308654785156e+00,-8.409100532531738281e+00,-4.772777080535888672e+00,-6.166539192199707031e+00,-2.433877229690551758e+00,-2.059343814849853516e+00,-1.390990376472473145e+00,-1.262104809284210205e-01
-2.133144378662109375e+00,-4.175223827362060547e+00,-8.307736396789550781e+00,-3.875217199325561523e+00,-9.013141632080078125e+00,-5.422703266143798828e+00,-6.605636596679687500e+00,-2.732467174530029297e+00,-2.302792072296142578e+00,-1.621615886688232422e+00,-4.197697043418884277e-01
-2.969849586486816406e+00,-5.382657527923583984e+00,-8.112749099731445312e+00,-4.690634727478027344e+00,-7.627546787261962891e+00,-5.785242557525634766e+00,-8.875141143798828125e+00,-3.603187561035156250e+00,-3.435628414154052734e+00,-2.754855632781982422e+00,-1.643569946289062500e+00
-2.129320144653320312e+00,-4.185113906860351562e+00,-8.029417991638183594e+00,-3.962769508361816406e+00,-9.061374664306640625e+00,-5.408653736114501953e+00,-6.597088813781738281e+00,-2.568861484527587891e+00,-2.544720172882080078e+00,-1.723014235496520996e+00,-5.905208587646484375e-01
-1.961902976036071777e+00,-3.982396125793457031e+00,-8.053450584411621094e+00,-3.828359365463256836e+00,-8.952490806579589844e+00,-5.192968845367431641e+00,-6.314395904541015625e+00,-2.339109182357788086e+00,-2.023215055465698242e+00,-1.429038643836975098e+00,-4.500001668930053711e-02
-1.906066179275512695e+00,-4.233248233795166016e+00,-7.712659358978271484e+00,-4.058551311492919922e+00,-9.332401275634765625e+00,-5.625082492828369141e+00,-6.877426147460937500e+00,-2.486671924591064453e+00,-2.591266155242919922e+00,-1.947214961051940918e+00,-7.734866142272949219e-01
-2.617376804351806641e+00,-4.878064632415771484e+00,-8.490903854370117188e+00,-4.217593193054199219e+00,-9.184884071350097656e+00,-5.926165103912353516e+00,-8.085881233215332031e+00,-2.844215631484985352e+00,-3.152425289154052734e+00,-2.884162902832031250e+00,-1.599253654479980469e+00
-1.764477610588073730e+00,-4.259054660797119141e+00,-7.746878147125244141e+00,-4.002223014831542969e+00,-9.374497413635253906e+00,-5.655412197113037109e+00,-7.016512870788574219e+00,-2.263821840286254883e+00,-2.346052408218383789e+00,-1.871258020401000977e+00,-6.495188474655151367e-01
-2.091013431549072266e+00,-4.430443763732910156e+00,-8.185317993164062500e+00,-3.864739179611206055e+00,-9.001706123352050781e+00,-5.457211971282958984e+00,-6.939892768859863281e+00,-2.365153551101684570e+00,-2.191339015960693359e+00,-1.662671208381652832e+00,-4.047865271568298340e-01
