8.598518371582031250e+00,6.608923912048339844e+00,2.961282730102539062e+00,7.079761505126953125e+00,4.036641120910644531e+00,9.814185142517089844e+00,7.245313167572021484e+00,7.507822513580322266e+00,1.259938335418701172e+01,1.073782825469970703e+01,1.002214050292968750e+01,1.085200119018554688e+01
8.387834548950195312e+00,7.141419887542724609e+00,2.471724510192871094e+00,7.262493610382080078e+00,4.339490890502929688e+00,9.735679626464843750e+00,7.211204528808593750e+00,7.516705989837646484e+00,1.245078372955322266e+01,1.052927875518798828e+01,1.022835922241210938e+01,1.110903549194335938e+01
8.365787506103515625e+00,6.727101802825927734e+00,2.682831525802612305e+00,7.061769485473632812e+00,4.192938804626464844e+00,9.768114089965820312e+00,7.011332511901855469e+00,7.511640548706054688e+00,1.230481433868408203e+01,1.047610950469970703e+01,1.000980186462402344e+01,1.088858222961425781e+01
8.421530723571777344e+00,6.654201507568359375e+00,2.441263914108276367e+00,6.944965362548828125e+00,4.073835849761962891e+00,1.000677108764648438e+01,7.133509159088134766e+00,7.387203693389892578e+00,1.238799381256103516e+01,1.067304420471191406e+01,1.004100894927978516e+01,1.079905128479003906e+01
8.450918197631835938e+00,6.943057060241699219e+00,3.328126907348632812e+00,7.360004425048828125e+00,4.358788013458251953e+00,1.045750045776367188e+01,7.127911567687988281e+00,8.672334671020507812e+00,1.264484119415283203e+01,1.035996341705322266e+01,1.044093036651611328e+01,1.109067630767822266e+01
8.500843048095703125e+00,7.269707679748535156e+00,3.469899892807006836e+00,7.665484428405761719e+00,4.234479427337646484e+00,9.527629852294921875e+00,7.628165721893310547e+00,7.628930568695068359e+00,1.293132114410400391e+01,1.064531135559082031e+01,1.030889797210693359e+01,1.129866886138916016e+01
8.385521888732910156e+00,6.897478103637695312e+00,3.157076597213745117e+00,7.432343482971191406e+00,4.253431797027587891e+00,1.014072132110595703e+01,7.362494468688964844e+00,7.647211551666259766e+00,1.279279232025146484e+01,1.054290962219238281e+01,1.014245605468750000e+01,1.093561172485351562e+01
8.622526168823242188e+00,7.086251735687255859e+00,3.276932954788208008e+00,7.828848838806152344e+00,4.111070156097412109e+00,9.495689392089843750e+00,7.760359287261962891e+00,7.928032398223876953e+00,1.297578525543212891e+01,1.072493171691894531e+01,1.040752601623535156e+01,1.131007385253906250e+01
8.454512596130371094e+00,7.083449840545654297e+00,3.150282621383666992e+00,7.404478549957275391e+00,4.499617099761962891e+00,1.018000507354736328e+01,7.412762641906738281e+00,8.110948562622070312e+00,1.250816822052001953e+01,1.039492130279541016e+01,1.026652526855468750e+01,1.120890998840332031e+01
8.635656356811523438e+00,6.534486770629882812e+00,3.359120130538940430e+00,7.103234291076660156e+00,3.815611839294433594e+00,9.642591476440429688e+00,7.420012950897216797e+00,7.774012088775634766e+00,1.256187057495117188e+01,1.064693641662597656e+01,1.008039093017578125e+01,1.097889423370361328e+01
9.004766464233398438e+00,7.968549728393554688e+00,2.361158132553100586e+00,8.788161277770996094e+00,5.273376464843750000e+00,1.193930530548095703e+01,8.469122886657714844e+00,9.848657608032226562e+00,1.356328105926513672e+01,1.002118301391601562e+01,1.115290451049804688e+01,1.303458213806152344e+01
9.060278892517089844e+00,7.894358634948730469e+00,2.319394111633300781e+00,8.841023445129394531e+00,5.371254920959472656e+00,1.196553611755371094e+01,8.480805397033691406e+00,1.001143264770507812e+01,1.356284046173095703e+01,1.009506130218505859e+01,1.114798641204833984e+01,1.307891178131103516e+01
9.020739555358886719e+00,7.788769245147705078e+00,2.397766590118408203e+00,8.791934967041015625e+00,5.238254547119140625e+00,1.174272346496582031e+01,8.390323638916015625e+00,9.643423080444335938e+00,1.345493030548095703e+01,9.988733291625976562e+00,1.107867717742919922e+01,1.293537139892578125e+01
9.012569427490234375e+00,7.919983863830566406e+00,2.407443284988403320e+00,8.771282196044921875e+00,5.250051975250244141e+00,1.195660972595214844e+01,8.358161926269531250e+00,9.872156143188476562e+00,1.346447467803955078e+01,1.000479507446289062e+01,1.111900520324707031e+01,1.294577693939208984e+01
9.004620552062988281e+00,7.989105224609375000e+00,2.332750558853149414e+00,8.853083610534667969e+00,5.448604106903076172e+00,1.189765453338623047e+01,8.477073669433593750e+00,1.017572021484375000e+01,1.355530643463134766e+01,1.005752563476562500e+01,1.110324478149414062e+01,1.305438327789306641e+01
8.754104614257812500e+00,8.342499732971191406e+00,2.395236253738403320e+00,8.536585807800292969e+00,5.127679824829101562e+00,1.147188472747802734e+01,8.325345993041992188e+00,1.104253101348876953e+01,1.336465644836425781e+01,9.905410766601562500e+00,1.091811943054199219e+01,1.268882083892822266e+01
9.069671630859375000e+00,7.838228225708007812e+00,2.362582683563232422e+00,8.869256019592285156e+00,5.505936145782470703e+00,1.204484176635742188e+01,8.413194656372070312e+00,9.636224746704101562e+00,1.362952327728271484e+01,1.019519233703613281e+01,1.126225948333740234e+01,1.301606750488281250e+01
8.979033470153808594e+00,8.027228355407714844e+00,2.532583236694335938e+00,8.748977661132812500e+00,5.250151634216308594e+00,1.172065162658691406e+01,8.457560539245605469e+00,1.017592811584472656e+01,1.349074840545654297e+01,9.979469299316406250e+00,1.105964660644531250e+01,1.293625640869140625e+01
9.059221267700195312e+00,7.947513580322265625e+00,2.246128082275390625e+00,8.759428977966308594e+00,5.374163627624511719e+00,1.193741989135742188e+01,8.444474220275878906e+00,9.746601104736328125e+00,1.359488201141357422e+01,1.007441520690917969e+01,1.111792850494384766e+01,1.304706192016601562e+01
9.055739402770996094e+00,7.544126510620117188e+00,2.601542711257934570e+00,8.965744018554687500e+00,5.440047264099121094e+00,1.220450019836425781e+01,8.267024040222167969e+00,9.085200309753417969e+00,1.366977405548095703e+01,1.015590286254882812e+01,1.130587768554687500e+01,1.299941539764404297e+01
9.382460594177246094e+00,9.386784553527832031e+00,3.233260631561279297e+00,9.086509704589843750e+00,5.296154022216796875e+00,8.580076217651367188e+00,8.593317031860351562e+00,9.298998832702636719e+00,1.243826770782470703e+01,9.682011604309082031e+00,1.131879806518554688e+01,1.220418453216552734e+01
9.447015762329101562e+00,9.487287521362304688e+00,3.428038120269775391e+00,9.002882003784179688e+00,5.314797401428222656e+00,8.724991798400878906e+00,8.556344985961914062e+00,9.342081069946289062e+00,1.245473384857177734e+01,9.593331336975097656e+00,1.118951606750488281e+01,1.213881206512451172e+01
9.235940933227539062e+00,9.386085510253906250e+00,3.078847646713256836e+00,9.204851150512695312e+00,5.438212394714355469e+00,8.489582061767578125e+00,8.817892074584960938e+00,9.091161727905273438e+00,1.225550937652587891e+01,9.651322364807128906e+00,1.116682243347167969e+01,1.210775852203369141e+01
9.348942756652832031e+00,9.395448684692382812e+00,3.179641485214233398e+00,9.039882659912109375e+00,5.286037445068359375e+00,8.582096099853515625e+00,8.486359596252441406e+00,9.181241989135742188e+00,1.247353363037109375e+01,9.624810218811035156e+00,1.134936904907226562e+01,1.220726203918457031e+01
9.365432739257812500e+00,9.291068077087402344e+00,3.041461467742919922e+00,8.982254028320312500e+00,5.240393638610839844e+00,8.778861045837402344e+00,8.542806625366210938e+00,9.328206062316894531e+00,1.251396751403808594e+01,9.712912559509277344e+00,1.145517921447753906e+01,1.233558654785156250e+01
9.322706222534179688e+00,9.431265830993652344e+00,3.114669084548950195e+00,8.919597625732421875e+00,5.265433311462402344e+00,8.699328422546386719e+00,8.558874130249023438e+00,9.147994995117187500e+00,1.248508739471435547e+01,9.522403717041015625e+00,1.117365837097167969e+01,1.214000225067138672e+01
9.421010971069335938e+00,9.475513458251953125e+00,3.227621555328369141e+00,8.993411064147949219e+00,5.255864143371582031e+00,8.556284904479980469e+00,8.573979377746582031e+00,9.160760879516601562e+00,1.245393085479736328e+01,9.543461799621582031e+00,1.119710063934326172e+01,1.217798423767089844e+01
9.488803863525390625e+00,9.529951095581054688e+00,3.336829662322998047e+00,9.011972427368164062e+00,5.326718807220458984e+00,8.609080314636230469e+00,8.509465217590332031e+00,9.161912918090820312e+00,1.252641582489013672e+01,9.654500961303710938e+00,1.132852649688720703e+01,1.230699253082275391e+01
9.452968597412109375e+00,9.310153961181640625e+00,3.207374572753906250e+00,8.914747238159179688e+00,5.164658546447753906e+00,8.540677070617675781e+00,8.391210556030273438e+00,9.463424682617187500e+00,1.265551948547363281e+01,9.585357666015625000e+00,1.134182548522949219e+01,1.230272293090820312e+01
9.592100143432617188e+00,9.212114334106445312e+00,3.798420190811157227e+00,8.793153762817382812e+00,5.014387130737304688e+00,8.772087097167968750e+00,7.990221977233886719e+00,9.778202056884765625e+00,1.278266429901123047e+01,9.573909759521484375e+00,1.129239463806152344e+01,1.210997009277343750e+01
9.080699920654296875e+00,7.754120349884033203e+00,4.033649921417236328e+00,7.870482444763183594e+00,4.405340194702148438e+00,1.052971649169921875e+01,5.480332851409912109e+00,8.500274658203125000e+00,1.284447765350341797e+01,9.423904418945312500e+00,1.026458549499511719e+01,1.218129825592041016e+01
9.000114440917968750e+00,7.235138893127441406e+00,3.456820249557495117e+00,7.652686119079589844e+00,4.174549102783203125e+00,1.034309387207031250e+01,4.860520362854003906e+00,7.898957729339599609e+00,1.258145618438720703e+01,9.225727081298828125e+00,1.013397216796875000e+01,1.211611938476562500e+01
9.061755180358886719e+00,7.463590621948242188e+00,3.746225357055664062e+00,7.653814792633056641e+00,3.902934789657592773e+00,9.896574020385742188e+00,4.730082035064697266e+00,8.028970718383789062e+00,1.264029502868652344e+01,9.286756515502929688e+00,1.012806510925292969e+01,1.202093887329101562e+01
8.930797576904296875e+00,7.232929706573486328e+00,3.481149673461914062e+00,8.018262863159179688e+00,4.538213729858398438e+00,1.067688941955566406e+01,5.886696815490722656e+00,8.039900779724121094e+00,1.274671077728271484e+01,9.442410469055175781e+00,1.023783683776855469e+01,1.217833900451660156e+01
8.964170455932617188e+00,7.611743927001953125e+00,3.815523386001586914e+00,7.205973625183105469e+00,3.953495502471923828e+00,1.026367759704589844e+01,4.388702392578125000e+00,8.212134361267089844e+00,1.255942344665527344e+01,9.177374839782714844e+00,1.020810127258300781e+01,1.195444107055664062e+01
8.947566986083984375e+00,7.623773097991943359e+00,3.942848443984985352e+00,7.593026161193847656e+00,4.223351478576660156e+00,1.019459533691406250e+01,4.960186958312988281e+00,8.307304382324218750e+00,1.280276393890380859e+01,9.381896972656250000e+00,1.025464153289794922e+01,1.215627098083496094e+01
9.000801086425781250e+00,7.446744918823242188e+00,3.581646680831909180e+00,7.244923591613769531e+00,3.871368408203125000e+00,1.019170761108398438e+01,4.280811309814453125e+00,7.992534160614013672e+00,1.247086620330810547e+01,9.271072387695312500e+00,1.013224029541015625e+01,1.191664028167724609e+01
9.017101287841796875e+00,7.428434371948242188e+00,3.943822622299194336e+00,7.829348564147949219e+00,4.214730262756347656e+00,1.036030197143554688e+01,4.963564872741699219e+00,8.609693527221679688e+00,1.272299289703369141e+01,9.395822525024414062e+00,1.012315559387207031e+01,1.199751472473144531e+01
8.882431030273437500e+00,7.190983295440673828e+00,3.523065328598022461e+00,7.941662788391113281e+00,4.401567935943603516e+00,1.005498123168945312e+01,5.939472675323486328e+00,8.378320693969726562e+00,1.263325595855712891e+01,9.449014663696289062e+00,1.013223743438720703e+01,1.199283981323242188e+01
9.037302970886230469e+00,7.786616325378417969e+00,4.089645385742187500e+00,7.695671081542968750e+00,4.424786567687988281e+00,1.078723239898681641e+01,5.068371295928955078e+00,8.668292999267578125e+00,1.291179561614990234e+01,9.439551353454589844e+00,1.020985984802246094e+01,1.198377227783203125e+01
9.230113983154296875e+00,7.518420219421386719e+00,2.854016065597534180e+00,9.099737167358398438e+00,5.172676563262939453e+00,6.856544971466064453e+00,6.821415901184082031e+00,8.506041526794433594e+00,1.338829135894775391e+01,1.018762493133544922e+01,1.105756759643554688e+01,1.226071643829345703e+01
9.167933464050292969e+00,7.342782974243164062e+00,3.181693077087402344e+00,8.720544815063476562e+00,4.503659248352050781e+00,6.511805534362792969e+00,5.698271751403808594e+00,8.932912826538085938e+00,1.302905559539794922e+01,9.737553596496582031e+00,1.081229972839355469e+01,1.183844661712646484e+01
9.060594558715820312e+00,7.378102302551269531e+00,2.481819152832031250e+00,8.933441162109375000e+00,4.931285858154296875e+00,6.567764759063720703e+00,6.268905639648437500e+00,8.300478935241699219e+00,1.316052627563476562e+01,1.005444908142089844e+01,1.099575996398925781e+01,1.213214874267578125e+01
9.254219055175781250e+00,7.607466697692871094e+00,3.056229114532470703e+00,8.984529495239257812e+00,5.549292564392089844e+00,6.754352569580078125e+00,6.838625431060791016e+00,8.376113891601562500e+00,1.336004543304443359e+01,1.036867809295654297e+01,1.105857467651367188e+01,1.235198402404785156e+01
9.042324066162109375e+00,7.361264228820800781e+00,2.461883306503295898e+00,9.056171417236328125e+00,5.008801937103271484e+00,6.705949783325195312e+00,6.416675567626953125e+00,8.403382301330566406e+00,1.314258480072021484e+01,1.020007038116455078e+01,1.110752010345458984e+01,1.221588516235351562e+01
9.151822090148925781e+00,7.406030654907226562e+00,2.847129821777343750e+00,9.008147239685058594e+00,4.894428253173828125e+00,6.692458152770996094e+00,6.298262596130371094e+00,8.823913574218750000e+00,1.315232944488525391e+01,1.022324466705322266e+01,1.114362621307373047e+01,1.223028182983398438e+01
9.181385040283203125e+00,7.310579776763916016e+00,2.818300485610961914e+00,9.203176498413085938e+00,4.907870769500732422e+00,7.170972824096679688e+00,6.617748260498046875e+00,8.944646835327148438e+00,1.313948726654052734e+01,1.040748023986816406e+01,1.118702316284179688e+01,1.232003402709960938e+01
9.180482864379882812e+00,7.002133369445800781e+00,3.087599277496337891e+00,9.075254440307617188e+00,4.397567749023437500e+00,7.139349937438964844e+00,5.983320236206054688e+00,9.299672126770019531e+00,1.293728923797607422e+01,1.034179687500000000e+01,1.095934867858886719e+01,1.214463329315185547e+01
9.134265899658203125e+00,7.042014122009277344e+00,2.939778566360473633e+00,8.896267890930175781e+00,4.383429527282714844e+00,6.669744491577148438e+00,5.675159454345703125e+00,9.115618705749511719e+00,1.281694316864013672e+01,1.034115886688232422e+01,1.095113086700439453e+01,1.212343406677246094e+01
9.046618461608886719e+00,6.772131919860839844e+00,2.644098758697509766e+00,8.950839996337890625e+00,4.201618194580078125e+00,6.843216419219970703e+00,5.511855125427246094e+00,9.096222877502441406e+00,1.252174854278564453e+01,1.034882831573486328e+01,1.086931991577148438e+01,1.206758689880371094e+01
9.309531211853027344e+00,7.091160297393798828e+00,3.545275926589965820e+00,8.464009284973144531e+00,2.555880784988403320e+00,6.613164901733398438e+00,4.598873138427734375e+00,9.381234169006347656e+00,1.238492679595947266e+01,9.520053863525390625e+00,1.029871273040771484e+01,1.131382942199707031e+01
9.178763389587402344e+00,6.934568405151367188e+00,3.298894405364990234e+00,8.548082351684570312e+00,2.753956079483032227e+00,6.848052978515625000e+00,4.773005485534667969e+00,9.323135375976562500e+00,1.236197757720947266e+01,9.546070098876953125e+00,1.036562728881835938e+01,1.136687088012695312e+01
9.194757461547851562e+00,6.805387496948242188e+00,2.920447826385498047e+00,8.596696853637695312e+00,3.990979194641113281e+00,7.208866119384765625e+00,5.475819587707519531e+00,9.314197540283203125e+00,1.234582424163818359e+01,1.008193874359130859e+01,1.077762413024902344e+01,1.189393043518066406e+01
9.266525268554687500e+00,6.917544364929199219e+00,3.504715919494628906e+00,8.402535438537597656e+00,2.413424491882324219e+00,6.619309425354003906e+00,4.468294620513916016e+00,9.353292465209960938e+00,1.248707485198974609e+01,9.404397964477539062e+00,1.010822582244873047e+01,1.120381832122802734e+01
8.934762001037597656e+00,6.711257934570312500e+00,2.890490531921386719e+00,8.604555130004882812e+00,3.081922769546508789e+00,6.947299480438232422e+00,4.982872009277343750e+00,9.088406562805175781e+00,1.204751110076904297e+01,9.761806488037109375e+00,1.056079673767089844e+01,1.161120605468750000e+01
9.124376296997070312e+00,6.860539436340332031e+00,3.267980098724365234e+00,8.536813735961914062e+00,2.856650114059448242e+00,6.891200542449951172e+00,4.728166103363037109e+00,9.362006187438964844e+00,1.238188552856445312e+01,9.541528701782226562e+00,1.035574340820312500e+01,1.134206676483154297e+01
9.464090347290039062e+00,7.602248191833496094e+00,3.853472709655761719e+00,8.231181144714355469e+00,2.424191236495971680e+00,6.499171257019042969e+00,4.847206115722656250e+00,9.373660087585449219e+00,1.224672794342041016e+01,9.198410987854003906e+00,9.967809677124023438e+00,1.106843185424804688e+01
9.450221061706542969e+00,6.888185977935791016e+00,4.003736495971679688e+00,8.377668380737304688e+00,2.390547513961791992e+00,6.433975219726562500e+00,4.131926536560058594e+00,9.540746688842773438e+00,1.255479145050048828e+01,9.432693481445312500e+00,1.003748416900634766e+01,1.113031005859375000e+01
9.333951950073242188e+00,6.879774093627929688e+00,3.730962038040161133e+00,8.461025238037109375e+00,2.148958206176757812e+00,6.604177951812744141e+00,4.216334819793701172e+00,9.412980079650878906e+00,1.255478000640869141e+01,9.370027542114257812e+00,1.007436752319335938e+01,1.110920524597167969e+01
9.068239212036132812e+00,7.014666557312011719e+00,3.059142589569091797e+00,8.391210556030273438e+00,3.208188772201538086e+00,6.937314033508300781e+00,5.103911399841308594e+00,9.412384986877441406e+00,1.214756584167480469e+01,9.758479118347167969e+00,1.054475402832031250e+01,1.159485244750976562e+01
9.680727005004882812e+00,7.351377487182617188e+00,3.531103134155273438e+00,8.226502418518066406e+00,2.739957332611083984e+00,6.090062141418457031e+00,4.699544906616210938e+00,9.482468605041503906e+00,1.217814922332763672e+01,9.784057617187500000e+00,1.035261249542236328e+01,1.166326332092285156e+01
9.361920356750488281e+00,6.767279624938964844e+00,3.626414775848388672e+00,8.425802230834960938e+00,2.245597362518310547e+00,6.501749992370605469e+00,4.270453929901123047e+00,9.608386993408203125e+00,1.250257015228271484e+01,9.508969306945800781e+00,1.008652687072753906e+01,1.121080303192138672e+01
9.208045959472656250e+00,7.366663932800292969e+00,3.642645120620727539e+00,8.170490264892578125e+00,2.349163293838500977e+00,6.477580070495605469e+00,4.725134849548339844e+00,9.310885429382324219e+00,1.216671085357666016e+01,9.246988296508789062e+00,1.017037200927734375e+01,1.121923828125000000e+01
1.070883178710937500e+01,7.427953720092773438e+00,3.754529237747192383e+00,8.439586639404296875e+00,2.633309841156005859e+00,5.631723880767822266e+00,4.329224586486816406e+00,9.874428749084472656e+00,1.238778018951416016e+01,1.018991661071777344e+01,1.006294631958007812e+01,1.157839393615722656e+01
9.950420379638671875e+00,7.360023975372314453e+00,3.558919191360473633e+00,8.183383941650390625e+00,2.674295186996459961e+00,5.918561935424804688e+00,4.566522598266601562e+00,9.603932380676269531e+00,1.212975978851318359e+01,9.892676353454589844e+00,1.020902824401855469e+01,1.158374500274658203e+01
1.036618232727050781e+01,7.349743843078613281e+00,3.844140768051147461e+00,8.323758125305175781e+00,2.633809804916381836e+00,5.820924282073974609e+00,4.437530994415283203e+00,9.857786178588867188e+00,1.224438190460205078e+01,1.003877544403076172e+01,1.007720756530761719e+01,1.150350189208984375e+01
9.154486656188964844e+00,7.361690521240234375e+00,3.544488430023193359e+00,8.241087913513183594e+00,2.635704517364501953e+00,6.453664779663085938e+00,4.851915359497070312e+00,9.132679939270019531e+00,1.202468299865722656e+01,9.422521591186523438e+00,1.035896873474121094e+01,1.146829605102539062e+01
9.972572326660156250e+00,7.014574050903320312e+00,3.624434709548950195e+00,8.396450042724609375e+00,3.155741691589355469e+00,6.245492458343505859e+00,4.784161567687988281e+00,9.798151016235351562e+00,1.237445449829101562e+01,1.013156318664550781e+01,1.041062068939208984e+01,1.169143390655517578e+01
9.300783157348632812e+00,7.513983249664306641e+00,3.434903144836425781e+00,8.118244171142578125e+00,2.641159772872924805e+00,6.251878261566162109e+00,4.993488311767578125e+00,9.040567398071289062e+00,1.196832942962646484e+01,9.293145179748535156e+00,1.016015911102294922e+01,1.142845821380615234e+01
9.405164718627929688e+00,7.439119815826416016e+00,3.820176124572753906e+00,8.272138595581054688e+00,2.427555561065673828e+00,6.268524169921875000e+00,4.569753170013427734e+00,9.141880989074707031e+00,1.218643856048583984e+01,9.339045524597167969e+00,1.037207412719726562e+01,1.136389732360839844e+01
9.711989402770996094e+00,7.372855186462402344e+00,4.510981559753417969e+00,7.666082382202148438e+00,2.452227354049682617e+00,6.689942359924316406e+00,5.242755889892578125e+00,9.946434974670410156e+00,1.183281040191650391e+01,8.742010116577148438e+00,1.021227264404296875e+01,1.114186477661132812e+01
9.848832130432128906e+00,7.257519721984863281e+00,5.086198329925537109e+00,8.187223434448242188e+00,2.946752071380615234e+00,6.837105751037597656e+00,5.681318283081054688e+00,1.030552482604980469e+01,1.189405441284179688e+01,9.176125526428222656e+00,1.034633159637451172e+01,1.130014896392822266e+01
9.782257080078125000e+00,7.359771251678466797e+00,5.255259990692138672e+00,8.095187187194824219e+00,2.731950759887695312e+00,6.849462032318115234e+00,5.378140449523925781e+00,1.076447391510009766e+01,1.193813991546630859e+01,9.260213851928710938e+00,1.032765579223632812e+01,1.134654235839843750e+01
1.016552257537841797e+01,7.937763214111328125e+00,5.719380855560302734e+00,8.157833099365234375e+00,2.737654924392700195e+00,6.792069911956787109e+00,5.228095054626464844e+00,1.112065315246582031e+01,1.239236164093017578e+01,9.403703689575195312e+00,1.037613105773925781e+01,1.148366641998291016e+01
9.857660293579101562e+00,7.648643493652343750e+00,5.142249584197998047e+00,7.749286651611328125e+00,2.518934965133666992e+00,6.671462535858154297e+00,5.261929512023925781e+00,1.016195106506347656e+01,1.205595874786376953e+01,8.975759506225585938e+00,1.018578910827636719e+01,1.126268863677978516e+01
1.013168144226074219e+01,7.770690917968750000e+00,5.851966381072998047e+00,8.197905540466308594e+00,2.908411979675292969e+00,6.805148601531982422e+00,5.239964485168457031e+00,1.148060226440429688e+01,1.232876873016357422e+01,9.654230117797851562e+00,1.049117660522460938e+01,1.158668899536132812e+01
1.063634490966796875e+01,8.553089141845703125e+00,7.694226741790771484e+00,8.207642555236816406e+00,2.797705888748168945e+00,7.077628612518310547e+00,5.450610160827636719e+00,1.217663192749023438e+01,1.226072406768798828e+01,9.668170928955078125e+00,1.057829475402832031e+01,1.158343124389648438e+01
1.014375877380371094e+01,8.049083709716796875e+00,6.490050792694091797e+00,8.154995918273925781e+00,2.692054986953735352e+00,7.059400558471679688e+00,5.619522094726562500e+00,1.138833236694335938e+01,1.204082012176513672e+01,9.540992736816406250e+00,1.042153835296630859e+01,1.140601253509521484e+01
1.052912521362304688e+01,8.337553024291992188e+00,7.110722064971923828e+00,8.222652435302734375e+00,2.675859689712524414e+00,6.956523895263671875e+00,5.422973632812500000e+00,1.157892990112304688e+01,1.226043796539306641e+01,9.600519180297851562e+00,1.049029827117919922e+01,1.149594402313232422e+01
1.056181335449218750e+01,8.502729415893554688e+00,7.176918506622314453e+00,8.210702896118164062e+00,2.769151449203491211e+00,7.065701484680175781e+00,5.552705764770507812e+00,1.198705387115478516e+01,1.228392887115478516e+01,9.696373939514160156e+00,1.049609565734863281e+01,1.152297115325927734e+01
9.233884811401367188e+00,7.552083015441894531e+00,4.243523597717285156e+00,7.751730442047119141e+00,5.872887134552001953e+00,8.683610916137695312e+00,5.044412136077880859e+00,8.914134979248046875e+00,1.291794586181640625e+01,9.105559349060058594e+00,1.020063781738281250e+01,1.162437629699707031e+01
9.146051406860351562e+00,7.807472229003906250e+00,3.401223897933959961e+00,7.810230731964111328e+00,2.339695215225219727e+00,6.715556621551513672e+00,5.623649120330810547e+00,9.084703445434570312e+00,1.166406726837158203e+01,8.912654876708984375e+00,1.003102302551269531e+01,1.104541778564453125e+01
9.634881973266601562e+00,7.705649375915527344e+00,4.421057224273681641e+00,7.933480262756347656e+00,2.470265626907348633e+00,6.337641716003417969e+00,5.430962562561035156e+00,9.210649490356445312e+00,1.179075336456298828e+01,9.214157104492187500e+00,1.011207675933837891e+01,1.115615463256835938e+01
9.939172744750976562e+00,7.573829174041748047e+00,4.821374893188476562e+00,8.046000480651855469e+00,5.668834686279296875e+00,8.249481201171875000e+00,5.088388442993164062e+00,9.114606857299804688e+00,1.297950363159179688e+01,9.420603752136230469e+00,1.061791801452636719e+01,1.192809009552001953e+01
9.778497695922851562e+00,7.698413372039794922e+00,4.512924194335937500e+00,7.842176437377929688e+00,2.621782541275024414e+00,6.262347221374511719e+00,5.357718467712402344e+00,9.384185791015625000e+00,1.171759605407714844e+01,9.290081977844238281e+00,9.979053497314453125e+00,1.110241508483886719e+01
9.362414360046386719e+00,7.815823554992675781e+00,4.207668304443359375e+00,7.573231220245361328e+00,2.465298175811767578e+00,6.389633178710937500e+00,5.455569744110107422e+00,8.957564353942871094e+00,1.135768032073974609e+01,8.936378479003906250e+00,9.823913574218750000e+00,1.105429649353027344e+01
1.009125709533691406e+01,7.776750564575195312e+00,4.991545200347900391e+00,7.822168350219726562e+00,2.549517393112182617e+00,6.244353294372558594e+00,5.400590896606445312e+00,9.470069885253906250e+00,1.177913475036621094e+01,9.284383773803710938e+00,9.984236717224121094e+00,1.109490871429443359e+01
9.672246932983398438e+00,7.390264511108398438e+00,3.974775552749633789e+00,8.127814292907714844e+00,4.572024822235107422e+00,7.966847419738769531e+00,5.925472259521484375e+00,9.296289443969726562e+00,1.233307552337646484e+01,9.400815963745117188e+00,1.016520881652832031e+01,1.174860763549804688e+01
1.018919277191162109e+01,7.793134689331054688e+00,5.196203708648681641e+00,7.820003509521484375e+00,2.488018989562988281e+00,6.221776008605957031e+00,5.326945304870605469e+00,9.556285858154296875e+00,1.173644351959228516e+01,9.377158164978027344e+00,1.000217723846435547e+01,1.116776847839355469e+01
9.665116310119628906e+00,7.492321968078613281e+00,4.010398387908935547e+00,7.937571525573730469e+00,2.731265783309936523e+00,6.285140991210937500e+00,5.354064941406250000e+00,9.379917144775390625e+00,1.162746238708496094e+01,9.571048736572265625e+00,1.003965950012207031e+01,1.128342151641845703e+01
