-4.164773464202880859e+00,-5.445412158966064453e+00,-1.014355373382568359e+01,-4.674515247344970703e+00,-8.529582977294921875e+00,-6.654325008392333984e+00,-6.985606193542480469e+00,-5.312555313110351562e+00,1.039546489715576172e+01
-3.740704059600830078e+00,-5.351895332336425781e+00,-9.677253723144531250e+00,-4.712507247924804688e+00,-8.907160758972167969e+00,-6.407555103302001953e+00,-7.607145309448242188e+00,-4.728554248809814453e+00,1.034296989440917969e+01
-4.207361221313476562e+00,-5.546315670013427734e+00,-1.005766868591308594e+01,-4.584590911865234375e+00,-8.589381217956542969e+00,-6.463946342468261719e+00,-7.079072952270507812e+00,-5.078239917755126953e+00,1.043107318878173828e+01
-3.981578350067138672e+00,-5.536758422851562500e+00,-9.864114761352539062e+00,-4.551250934600830078e+00,-8.766486167907714844e+00,-6.520487308502197266e+00,-7.194414138793945312e+00,-4.774606227874755859e+00,1.031648540496826172e+01
-3.426692247390747070e+00,-5.466525077819824219e+00,-9.608794212341308594e+00,-4.509658813476562500e+00,-8.840053558349609375e+00,-6.561933517456054688e+00,-7.276881694793701172e+00,-4.522540092468261719e+00,1.025786495208740234e+01
-4.013724327087402344e+00,-5.645713329315185547e+00,-9.824972152709960938e+00,-4.457724571228027344e+00,-8.829505920410156250e+00,-6.362516880035400391e+00,-7.398073196411132812e+00,-4.545823574066162109e+00,1.034091377258300781e+01
-3.652448177337646484e+00,-5.525131702423095703e+00,-9.337675094604492188e+00,-4.359343051910400391e+00,-8.992507934570312500e+00,-5.938505649566650391e+00,-7.998034954071044922e+00,-3.925910711288452148e+00,1.041381645202636719e+01
-3.511924028396606445e+00,-5.594967842102050781e+00,-9.224937438964843750e+00,-4.313645362854003906e+00,-9.158309936523437500e+00,-6.085005760192871094e+00,-7.911850452423095703e+00,-3.585085868835449219e+00,1.026982021331787109e+01
-3.626983880996704102e+00,-5.611332893371582031e+00,-9.412514686584472656e+00,-4.341868400573730469e+00,-9.360292434692382812e+00,-6.213963031768798828e+00,-7.963385581970214844e+00,-3.603293418884277344e+00,1.015779495239257812e+01
-2.835927724838256836e+00,-5.122567653656005859e+00,-8.745814323425292969e+00,-4.122971534729003906e+00,-8.982687950134277344e+00,-6.269824028015136719e+00,-7.529261112213134766e+00,-2.769492626190185547e+00,1.030152225494384766e+01
-4.006062507629394531e+00,-4.812536716461181641e+00,-9.883512496948242188e+00,-3.587847709655761719e+00,-7.127899169921875000e+00,-3.172385692596435547e+00,-3.931119918823242188e+00,-4.987985134124755859e+00,1.018017196655273438e+01
-4.046129703521728516e+00,-4.681075572967529297e+00,-9.544033050537109375e+00,-3.794183969497680664e+00,-7.380623340606689453e+00,-3.559222221374511719e+00,-3.740988254547119141e+00,-5.159636020660400391e+00,9.937313079833984375e+00
-3.875343084335327148e+00,-4.347615718841552734e+00,-9.565752983093261719e+00,-3.377262592315673828e+00,-6.929640769958496094e+00,-3.062531471252441406e+00,-3.406731605529785156e+00,-5.005295753479003906e+00,1.000711059570312500e+01
-3.404521703720092773e+00,-2.436354637145996094e+00,-9.241329193115234375e+00,-2.402069330215454102e+00,-6.305145263671875000e+00,-2.505228519439697266e+00,-1.974726319313049316e+00,-5.298653125762939453e+00,9.462299346923828125e+00
-4.449457168579101562e+00,-5.162432193756103516e+00,-1.041133880615234375e+01,-4.146255493164062500e+00,-7.630491256713867188e+00,-4.066582679748535156e+00,-4.405530929565429688e+00,-4.713919639587402344e+00,1.014788818359375000e+01
-4.239254474639892578e+00,-5.210545539855957031e+00,-1.008800792694091797e+01,-3.776330709457397461e+00,-7.271168708801269531e+00,-3.026209354400634766e+00,-4.475946426391601562e+00,-5.169677257537841797e+00,1.036689853668212891e+01
-4.367380619049072266e+00,-4.791522502899169922e+00,-1.060882377624511719e+01,-4.760293960571289062e+00,-8.100360870361328125e+00,-4.030714988708496094e+00,-4.512333869934082031e+00,-4.339058399200439453e+00,9.952439308166503906e+00
-3.983931779861450195e+00,-4.489649772644042969e+00,-9.780673980712890625e+00,-4.002193450927734375e+00,-7.394575119018554688e+00,-3.720381259918212891e+00,-3.735047817230224609e+00,-4.953734874725341797e+00,9.962104797363281250e+00
-4.037548065185546875e+00,-4.991187095642089844e+00,-9.884929656982421875e+00,-4.284968376159667969e+00,-7.860867023468017578e+00,-4.005196094512939453e+00,-4.281538963317871094e+00,-5.125052928924560547e+00,9.990316390991210938e+00
-4.062095642089843750e+00,-4.979598999023437500e+00,-1.009262084960937500e+01,-3.667896986007690430e+00,-7.153409004211425781e+00,-3.243465900421142578e+00,-3.900650978088378906e+00,-4.797547340393066406e+00,1.021179962158203125e+01
-4.462368965148925781e+00,-6.145006179809570312e+00,-1.008779144287109375e+01,-4.819595336914062500e+00,-8.220762252807617188e+00,-1.454294443130493164e+00,-5.837779998779296875e+00,-3.522092103958129883e+00,1.005672645568847656e+01
-4.690917968750000000e+00,-6.108664035797119141e+00,-1.106274223327636719e+01,-4.742998600006103516e+00,-8.187160491943359375e+00,-1.447255134582519531e+00,-5.525684356689453125e+00,-4.759452342987060547e+00,1.010193920135498047e+01
-4.661235809326171875e+00,-6.081021308898925781e+00,-1.106972694396972656e+01,-4.728397369384765625e+00,-8.270119667053222656e+00,-1.421181678771972656e+00,-5.622981071472167969e+00,-4.780324459075927734e+00,1.006108856201171875e+01
-4.689064025878906250e+00,-6.179954528808593750e+00,-1.102854537963867188e+01,-4.737911224365234375e+00,-8.147795677185058594e+00,-1.319606781005859375e+00,-5.371166229248046875e+00,-4.689136505126953125e+00,1.018799686431884766e+01
-4.729699134826660156e+00,-6.066792964935302734e+00,-1.080620384216308594e+01,-4.704180717468261719e+00,-8.190510749816894531e+00,-1.661683559417724609e+00,-5.703587055206298828e+00,-4.893997192382812500e+00,1.020875740051269531e+01
-4.640105247497558594e+00,-6.109955787658691406e+00,-1.119486141204833984e+01,-4.736557960510253906e+00,-8.256044387817382812e+00,-1.374257564544677734e+00,-5.563357353210449219e+00,-4.731848239898681641e+00,1.006109619140625000e+01
-4.717337608337402344e+00,-6.286600112915039062e+00,-1.067853832244873047e+01,-4.914127349853515625e+00,-8.080303192138671875e+00,-1.344600796699523926e+00,-5.730967521667480469e+00,-3.836048126220703125e+00,9.881000518798828125e+00
-4.684090614318847656e+00,-6.158727169036865234e+00,-1.106667327880859375e+01,-4.814906120300292969e+00,-8.213073730468750000e+00,-1.416567921638488770e+00,-5.533445835113525391e+00,-4.661533355712890625e+00,1.011292266845703125e+01
-4.674497127532958984e+00,-6.188592433929443359e+00,-1.117434787750244141e+01,-4.714161396026611328e+00,-8.152316093444824219e+00,-1.282378673553466797e+00,-5.310065269470214844e+00,-4.737690448760986328e+00,1.011286354064941406e+01
-4.670258522033691406e+00,-6.177666187286376953e+00,-1.113267135620117188e+01,-4.717610359191894531e+00,-8.165038108825683594e+00,-1.338444232940673828e+00,-5.400442123413085938e+00,-4.735131263732910156e+00,1.010820293426513672e+01
-1.749636888504028320e+00,-5.018390178680419922e+00,-8.741023063659667969e+00,-4.016422271728515625e+00,-9.414471626281738281e+00,-6.690320014953613281e+00,-8.210866928100585938e+00,-2.596168518066406250e+00,9.964117050170898438e+00
-1.651769042015075684e+00,-4.978775978088378906e+00,-8.718389511108398438e+00,-3.977649211883544922e+00,-9.460684776306152344e+00,-6.715294837951660156e+00,-8.213891983032226562e+00,-2.621889352798461914e+00,9.957974433898925781e+00
-2.294077157974243164e+00,-5.105080604553222656e+00,-8.761670112609863281e+00,-3.876882076263427734e+00,-9.290035247802734375e+00,-6.314022541046142578e+00,-7.553236961364746094e+00,-2.673240661621093750e+00,9.621545791625976562e+00
-2.830768108367919922e+00,-5.495064735412597656e+00,-9.415230751037597656e+00,-3.409267425537109375e+00,-9.074297904968261719e+00,-6.013131618499755859e+00,-7.305651664733886719e+00,-2.431915044784545898e+00,1.000246047973632812e+01
-2.164041042327880859e+00,-5.037714004516601562e+00,-8.880887031555175781e+00,-3.913000106811523438e+00,-9.465239524841308594e+00,-6.540026187896728516e+00,-8.104907989501953125e+00,-2.284823417663574219e+00,1.015342426300048828e+01
-1.828891396522521973e+00,-4.835576057434082031e+00,-8.655477523803710938e+00,-4.074147224426269531e+00,-9.233745574951171875e+00,-6.594528675079345703e+00,-7.984971046447753906e+00,-2.671719789505004883e+00,9.878414154052734375e+00
-1.793113470077514648e+00,-4.649529933929443359e+00,-8.398660659790039062e+00,-3.988907337188720703e+00,-9.301246643066406250e+00,-6.485909938812255859e+00,-7.734542846679687500e+00,-2.644918918609619141e+00,9.868658065795898438e+00
-1.979726195335388184e+00,-4.758096694946289062e+00,-8.918825149536132812e+00,-4.036000251770019531e+00,-9.349205017089843750e+00,-6.732265949249267578e+00,-8.215472221374511719e+00,-2.602595806121826172e+00,1.005997753143310547e+01
-1.778533458709716797e+00,-4.530448436737060547e+00,-8.762967109680175781e+00,-4.139782428741455078e+00,-9.128801345825195312e+00,-6.795912265777587891e+00,-8.186903953552246094e+00,-2.741825819015502930e+00,9.962468147277832031e+00
-1.874115467071533203e+00,-4.883218765258789062e+00,-8.794850349426269531e+00,-4.048503875732421875e+00,-9.390085220336914062e+00,-6.657237052917480469e+00,-8.108693122863769531e+00,-2.608129739761352539e+00,9.991065979003906250e+00
-2.367569923400878906e+00,-4.337315559387207031e+00,-8.939043998718261719e+00,-4.360915660858154297e+00,-7.348323345184326172e+00,-6.010926246643066406e+00,-7.656203746795654297e+00,-3.231992244720458984e+00,9.119401931762695312e+00
-1.957958102226257324e+00,-4.400956153869628906e+00,-8.210988998413085938e+00,-4.530026912689208984e+00,-7.116140842437744141e+00,-5.655256271362304688e+00,-7.706204891204833984e+00,-3.254153251647949219e+00,9.122085571289062500e+00
-1.796854496002197266e+00,-3.915545940399169922e+00,-8.016603469848632812e+00,-4.000035762786865234e+00,-9.037843704223632812e+00,-5.542622089385986328e+00,-6.929296493530273438e+00,-2.505528688430786133e+00,9.337893486022949219e+00
-1.643962979316711426e+00,-4.519608020782470703e+00,-7.727442264556884766e+00,-4.439967632293701172e+00,-6.980537891387939453e+00,-5.028583049774169922e+00,-7.537302494049072266e+00,-3.218315362930297852e+00,8.961647987365722656e+00
-2.422594308853149414e+00,-3.888220310211181641e+00,-8.935340881347656250e+00,-4.398758888244628906e+00,-7.458367347717285156e+00,-6.299651622772216797e+00,-7.887840270996093750e+00,-3.047257900238037109e+00,9.231703758239746094e+00
-1.616484045982360840e+00,-2.905628204345703125e+00,-6.481517314910888672e+00,-3.672555923461914062e+00,-8.255846023559570312e+00,-4.559612274169921875e+00,-5.687573432922363281e+00,-2.558721542358398438e+00,8.867270469665527344e+00
-1.848453998565673828e+00,-4.951760292053222656e+00,-8.654145240783691406e+00,-4.010874271392822266e+00,-9.347427368164062500e+00,-6.568672657012939453e+00,-7.988702774047851562e+00,-2.555721521377563477e+00,9.896258354187011719e+00
-1.764383196830749512e+00,-3.070389270782470703e+00,-6.916090488433837891e+00,-3.729218721389770508e+00,-8.521636009216308594e+00,-4.864771842956542969e+00,-6.028373718261718750e+00,-2.572161912918090820e+00,8.961712837219238281e+00
-1.493322491645812988e+00,-3.108994007110595703e+00,-6.707988739013671875e+00,-3.703659772872924805e+00,-8.365120887756347656e+00,-4.789441585540771484e+00,-6.039790153503417969e+00,-2.514922857284545898e+00,9.186262130737304688e+00
-1.710627913475036621e+00,-3.221388339996337891e+00,-7.024122714996337891e+00,-3.805391788482666016e+00,-8.623594284057617188e+00,-5.093965053558349609e+00,-6.387991905212402344e+00,-2.654307365417480469e+00,9.137408256530761719e+00
-2.009615898132324219e+00,-5.255397319793701172e+00,-8.226613044738769531e+00,-3.988945007324218750e+00,-9.284614562988281250e+00,-6.022633552551269531e+00,-7.318754196166992188e+00,-1.175245285034179688e+00,1.029320907592773438e+01
-1.827998280525207520e+00,-5.072346210479736328e+00,-7.455145835876464844e+00,-4.100353240966796875e+00,-9.266137123107910156e+00,-5.697031497955322266e+00,-7.216826915740966797e+00,-5.893688201904296875e-01,1.022148513793945312e+01
-2.164956092834472656e+00,-5.023198604583740234e+00,-8.112000465393066406e+00,-4.233889102935791016e+00,-9.258650779724121094e+00,-5.783547878265380859e+00,-7.390915870666503906e+00,-9.275780916213989258e-01,1.006031799316406250e+01
-1.870389699935913086e+00,-5.121691226959228516e+00,-7.571712493896484375e+00,-4.132230758666992188e+00,-9.189934730529785156e+00,-5.755657672882080078e+00,-7.316981792449951172e+00,-7.946920394897460938e-01,1.020179557800292969e+01
-1.897107601165771484e+00,-4.412149906158447266e+00,-6.541680335998535156e+00,-4.238581657409667969e+00,-9.198254585266113281e+00,-5.513556480407714844e+00,-7.189846038818359375e+00,1.310892105102539062e-01,1.026841926574707031e+01
-1.198967576026916504e+00,-3.840504884719848633e+00,-5.323239803314208984e+00,-4.161828041076660156e+00,-9.223522186279296875e+00,-5.527465820312500000e+00,-6.951146125793457031e+00,6.249698996543884277e-01,9.992959976196289062e+00
-9.103685021400451660e-01,-3.953446865081787109e+00,-4.531111717224121094e+00,-4.089562416076660156e+00,-9.183588981628417969e+00,-5.418794155120849609e+00,-6.874315261840820312e+00,7.631929516792297363e-01,9.760556221008300781e+00
-1.735195517539978027e+00,-5.017092227935791016e+00,-6.670650005340576172e+00,-4.315602302551269531e+00,-9.086984634399414062e+00,-5.657284259796142578e+00,-7.116656303405761719e+00,-3.340330421924591064e-01,1.002004432678222656e+01
-9.499685764312744141e-01,-3.757070541381835938e+00,-4.661123752593994141e+00,-4.099383354187011719e+00,-9.242499351501464844e+00,-5.267796516418457031e+00,-6.819996833801269531e+00,7.895098328590393066e-01,9.795581817626953125e+00
-1.688780665397644043e+00,-4.476697921752929688e+00,-6.479445457458496094e+00,-4.244838714599609375e+00,-9.299410820007324219e+00,-5.461762905120849609e+00,-7.277607917785644531e+00,2.177256345748901367e-02,1.021653461456298828e+01
-2.920398235321044922e+00,-5.179490089416503906e+00,-9.165533065795898438e+00,-3.100126504898071289e+00,-8.852931976318359375e+00,-5.555560588836669922e+00,-7.042050361633300781e+00,-2.484714031219482422e+00,1.021021556854248047e+01
-2.770368337631225586e+00,-5.000684738159179688e+00,-9.040584564208984375e+00,-3.378954172134399414e+00,-9.064619064331054688e+00,-6.088192939758300781e+00,-7.378919601440429688e+00,-2.334771871566772461e+00,1.000301647186279297e+01
-2.433954000473022461e+00,-4.305214881896972656e+00,-8.582395553588867188e+00,-3.500442504882812500e+00,-8.736529350280761719e+00,-5.432847499847412109e+00,-6.623689651489257812e+00,-2.511337518692016602e+00,9.638062477111816406e+00
-2.172022819519042969e+00,-4.110866546630859375e+00,-8.422330856323242188e+00,-3.787670612335205078e+00,-8.829098701477050781e+00,-5.818672180175781250e+00,-7.048214912414550781e+00,-2.585056304931640625e+00,9.553544998168945312e+00
-2.575275897979736328e+00,-4.482467651367187500e+00,-8.591939926147460938e+00,-3.469320058822631836e+00,-8.886645317077636719e+00,-5.830164432525634766e+00,-7.129072189331054688e+00,-2.300949811935424805e+00,1.000422477722167969e+01
-2.803455829620361328e+00,-4.661344051361083984e+00,-8.991514205932617188e+00,-3.374674320220947266e+00,-8.869584083557128906e+00,-5.939580440521240234e+00,-7.221274375915527344e+00,-2.473336935043334961e+00,9.857339859008789062e+00
-2.232841014862060547e+00,-4.161132812500000000e+00,-8.178189277648925781e+00,-3.347881555557250977e+00,-8.629680633544921875e+00,-5.615878582000732422e+00,-6.573390960693359375e+00,-2.389258861541748047e+00,1.016820526123046875e+01
-2.253887653350830078e+00,-3.694267272949218750e+00,-8.571302413940429688e+00,-3.786630153656005859e+00,-8.798844337463378906e+00,-6.222725391387939453e+00,-7.362879276275634766e+00,-2.561240434646606445e+00,1.011236763000488281e+01
-2.104568481445312500e+00,-3.697710037231445312e+00,-7.936703205108642578e+00,-3.539655447006225586e+00,-8.337803840637207031e+00,-5.060875415802001953e+00,-6.225351810455322266e+00,-2.554820775985717773e+00,9.368407249450683594e+00
-2.145270347595214844e+00,-3.622187376022338867e+00,-7.829285144805908203e+00,-3.503682613372802734e+00,-8.134129524230957031e+00,-4.680850028991699219e+00,-5.958817481994628906e+00,-2.489224672317504883e+00,9.556110382080078125e+00
-4.587353706359863281e+00,-4.909818649291992188e+00,-1.059057521820068359e+01,-5.171758174896240234e+00,-8.247761726379394531e+00,-3.569671154022216797e+00,-4.698283672332763672e+00,-4.380482196807861328e+00,9.640199661254882812e+00
-4.701753616333007812e+00,-4.963337898254394531e+00,-1.026008129119873047e+01,-4.946113586425781250e+00,-8.240133285522460938e+00,-2.432514190673828125e+00,-5.350147247314453125e+00,-4.052277565002441406e+00,9.474002838134765625e+00
-4.611555576324462891e+00,-4.902225971221923828e+00,-1.061690711975097656e+01,-5.317117691040039062e+00,-8.427337646484375000e+00,-3.856152534484863281e+00,-5.092157840728759766e+00,-4.417663574218750000e+00,9.623797416687011719e+00
-4.707087516784667969e+00,-4.855752944946289062e+00,-1.053238868713378906e+01,-5.176045417785644531e+00,-8.275007247924804688e+00,-3.360994815826416016e+00,-5.146024227142333984e+00,-4.071311473846435547e+00,9.514810562133789062e+00
-4.446820735931396484e+00,-4.316515922546386719e+00,-1.024297142028808594e+01,-5.185612201690673828e+00,-8.018004417419433594e+00,-3.735461711883544922e+00,-4.919138908386230469e+00,-4.277522087097167969e+00,9.656991004943847656e+00
-3.903569459915161133e+00,-4.554924011230468750e+00,-9.991047859191894531e+00,-5.124240398406982422e+00,-8.163666725158691406e+00,-3.220710277557373047e+00,-5.729188442230224609e+00,-4.180417060852050781e+00,9.461980819702148438e+00
-4.434781551361083984e+00,-4.209842681884765625e+00,-1.019140625000000000e+01,-5.078674316406250000e+00,-7.734372138977050781e+00,-3.209784984588623047e+00,-4.804864406585693359e+00,-3.870068550109863281e+00,9.685612678527832031e+00
-4.321224212646484375e+00,-4.132115364074707031e+00,-9.919495582580566406e+00,-4.842979907989501953e+00,-7.578677177429199219e+00,-3.147821426391601562e+00,-4.744485378265380859e+00,-4.129880428314208984e+00,9.656781196594238281e+00
-4.722833633422851562e+00,-4.612609386444091797e+00,-1.042509937286376953e+01,-5.005128860473632812e+00,-7.984277725219726562e+00,-3.038982868194580078e+00,-4.977847099304199219e+00,-4.002571105957031250e+00,9.596210479736328125e+00
-4.415178298950195312e+00,-4.940563678741455078e+00,-1.045407676696777344e+01,-5.342140674591064453e+00,-8.673225402832031250e+00,-4.015450477600097656e+00,-5.766057968139648438e+00,-4.231941699981689453e+00,9.816429138183593750e+00
-4.719968318939208984e+00,-6.020180225372314453e+00,-1.135939788818359375e+01,-4.843842506408691406e+00,-8.298843383789062500e+00,-1.514655828475952148e+00,-5.431175231933593750e+00,-4.857673168182373047e+00,1.007519245147705078e+01
-4.697959423065185547e+00,-6.049958705902099609e+00,-1.136960601806640625e+01,-4.876299858093261719e+00,-8.428221702575683594e+00,-1.483744382858276367e+00,-5.623246192932128906e+00,-4.716693878173828125e+00,1.000755214691162109e+01
-4.797500610351562500e+00,-5.949168205261230469e+00,-1.147609043121337891e+01,-4.907922744750976562e+00,-8.380272865295410156e+00,-1.428273320198059082e+00,-5.637799263000488281e+00,-4.606100559234619141e+00,1.004275131225585938e+01
-4.716324806213378906e+00,-5.952075481414794922e+00,-1.114401054382324219e+01,-4.839234352111816406e+00,-8.261246681213378906e+00,-1.660506486892700195e+00,-5.369510650634765625e+00,-4.887367248535156250e+00,1.008751487731933594e+01
-4.751035690307617188e+00,-6.124848365783691406e+00,-1.131630992889404297e+01,-4.846149444580078125e+00,-8.408973693847656250e+00,-1.470570802688598633e+00,-5.606838226318359375e+00,-4.834075927734375000e+00,1.006618118286132812e+01
-4.753656387329101562e+00,-5.833832263946533203e+00,-1.125010299682617188e+01,-4.917885780334472656e+00,-8.256506919860839844e+00,-1.711179018020629883e+00,-5.516238689422607422e+00,-4.423127174377441406e+00,1.017387294769287109e+01
-4.913422107696533203e+00,-5.466895580291748047e+00,-1.143565368652343750e+01,-4.989329338073730469e+00,-8.183329582214355469e+00,-1.603378295898437500e+00,-5.875008583068847656e+00,-3.524783849716186523e+00,1.015441131591796875e+01
-4.818858623504638672e+00,-5.954723358154296875e+00,-1.141753005981445312e+01,-4.844426155090332031e+00,-8.245686531066894531e+00,-1.425313234329223633e+00,-5.664483547210693359e+00,-4.415405750274658203e+00,1.013500118255615234e+01
-4.845191001892089844e+00,-5.835576534271240234e+00,-1.140299510955810547e+01,-4.976768016815185547e+00,-8.359954833984375000e+00,-1.679396152496337891e+00,-5.675336360931396484e+00,-4.340550899505615234e+00,1.010095977783203125e+01
-4.694946289062500000e+00,-5.853560447692871094e+00,-1.143228149414062500e+01,-4.941536903381347656e+00,-8.292146682739257812e+00,-1.672936797142028809e+00,-5.571050167083740234e+00,-4.700958728790283203e+00,1.006008338928222656e+01
