9.577121734619140625e+00,7.920321464538574219e+00,3.824482679367065430e+00,7.399135589599609375e+00,3.089866876602172852e+00,8.039783477783203125e+00,6.863462924957275391e+00,7.746545314788818359e+00,1.261477375030517578e+01,8.825099945068359375e+00,9.939969062805175781e+00,1.168272113800048828e+01
9.349269866943359375e+00,7.938253402709960938e+00,3.687567949295043945e+00,7.353471755981445312e+00,3.211244821548461914e+00,8.146224021911621094e+00,6.689026832580566406e+00,7.553869724273681641e+00,1.245566177368164062e+01,8.768119812011718750e+00,9.846894264221191406e+00,1.165793037414550781e+01
9.608119010925292969e+00,8.135178565979003906e+00,3.865151882171630859e+00,7.518848419189453125e+00,3.157014608383178711e+00,7.811648845672607422e+00,6.767990112304687500e+00,7.851515293121337891e+00,1.274642562866210938e+01,8.856485366821289062e+00,1.009248733520507812e+01,1.176151084899902344e+01
9.577640533447265625e+00,8.107198715209960938e+00,3.773914575576782227e+00,7.480463981628417969e+00,3.181545019149780273e+00,7.972170829772949219e+00,6.830190658569335938e+00,7.797585010528564453e+00,1.277260589599609375e+01,8.861712455749511719e+00,1.007952117919921875e+01,1.172495841979980469e+01
9.439216613769531250e+00,7.984700202941894531e+00,3.557470560073852539e+00,7.379436016082763672e+00,3.162728786468505859e+00,8.010571479797363281e+00,6.511154174804687500e+00,7.675991058349609375e+00,1.268425083160400391e+01,8.838972091674804688e+00,1.009736824035644531e+01,1.169780540466308594e+01
9.466941833496093750e+00,8.066712379455566406e+00,3.665123462677001953e+00,7.390094757080078125e+00,3.051733732223510742e+00,7.883838176727294922e+00,6.774330615997314453e+00,7.736475467681884766e+00,1.255077171325683594e+01,8.793146133422851562e+00,9.979619979858398438e+00,1.163658618927001953e+01
9.318593978881835938e+00,7.751702308654785156e+00,3.420949220657348633e+00,7.286555767059326172e+00,2.976320505142211914e+00,7.812284469604492188e+00,6.124042987823486328e+00,7.612490177154541016e+00,1.236044025421142578e+01,8.755709648132324219e+00,9.816125869750976562e+00,1.152125167846679688e+01
9.463542938232421875e+00,7.869380950927734375e+00,3.504898309707641602e+00,7.352105140686035156e+00,2.993706464767456055e+00,7.831388950347900391e+00,6.276627540588378906e+00,7.738317966461181641e+00,1.255260848999023438e+01,8.801073074340820312e+00,9.921104431152343750e+00,1.157171821594238281e+01
9.555358886718750000e+00,8.014066696166992188e+00,3.547752618789672852e+00,7.437368869781494141e+00,3.135433912277221680e+00,7.739160537719726562e+00,6.283262252807617188e+00,7.828750610351562500e+00,1.283290767669677734e+01,8.862621307373046875e+00,1.011576843261718750e+01,1.167599773406982422e+01
9.623467445373535156e+00,8.078530311584472656e+00,3.811532735824584961e+00,7.517319202423095703e+00,3.384495496749877930e+00,8.351385116577148438e+00,6.996582984924316406e+00,7.681403636932373047e+00,1.292052078247070312e+01,8.871158599853515625e+00,1.011452484130859375e+01,1.175612831115722656e+01
9.397616386413574219e+00,8.635704040527343750e+00,4.122368812561035156e+00,7.944559574127197266e+00,3.953073978424072266e+00,5.769984245300292969e+00,5.282009124755859375e+00,8.322897911071777344e+00,1.303952121734619141e+01,8.550084114074707031e+00,1.018628120422363281e+01,1.132834625244140625e+01
1.004292392730712891e+01,8.482685089111328125e+00,3.964225530624389648e+00,7.362353324890136719e+00,2.907288312911987305e+00,6.023593902587890625e+00,4.718245506286621094e+00,7.473634719848632812e+00,1.264142227172851562e+01,8.460855484008789062e+00,9.717049598693847656e+00,1.043504524230957031e+01
1.035486030578613281e+01,8.306231498718261719e+00,4.093861579895019531e+00,7.327344417572021484e+00,2.752490997314453125e+00,6.348153114318847656e+00,5.084126472473144531e+00,7.977113246917724609e+00,1.273220062255859375e+01,8.308672904968261719e+00,9.955725669860839844e+00,1.033889102935791016e+01
1.004747581481933594e+01,8.223013877868652344e+00,4.492610454559326172e+00,7.703926086425781250e+00,3.236653089523315430e+00,5.781372547149658203e+00,5.224081039428710938e+00,8.324640274047851562e+00,1.279790210723876953e+01,8.167373657226562500e+00,9.968215942382812500e+00,1.060956478118896484e+01
9.757513046264648438e+00,8.561487197875976562e+00,3.607805728912353516e+00,7.758055686950683594e+00,3.729189395904541016e+00,6.058098316192626953e+00,5.289838314056396484e+00,8.065364837646484375e+00,1.293979167938232422e+01,8.250348091125488281e+00,1.023712348937988281e+01,1.099303054809570312e+01
1.036446571350097656e+01,8.268561363220214844e+00,4.119371414184570312e+00,7.405595779418945312e+00,2.616511583328247070e+00,6.421134948730468750e+00,5.244943618774414062e+00,8.001080513000488281e+00,1.278607082366943359e+01,8.305316925048828125e+00,1.001865386962890625e+01,1.025602149963378906e+01
9.835771560668945312e+00,7.787082672119140625e+00,4.113170146942138672e+00,7.383965492248535156e+00,2.641618490219116211e+00,5.641968727111816406e+00,4.220745563507080078e+00,7.852332115173339844e+00,1.239441394805908203e+01,8.133246421813964844e+00,9.462345123291015625e+00,1.050344753265380859e+01
9.529549598693847656e+00,8.825976371765136719e+00,3.601191997528076172e+00,7.803090572357177734e+00,4.280812263488769531e+00,6.270842552185058594e+00,5.177369117736816406e+00,7.740031719207763672e+00,1.290810203552246094e+01,8.240526199340820312e+00,1.016682434082031250e+01,1.116251373291015625e+01
9.631187438964843750e+00,8.090303421020507812e+00,3.113144397735595703e+00,7.350707054138183594e+00,3.258844375610351562e+00,6.205171585083007812e+00,4.276863098144531250e+00,6.975337505340576172e+00,1.237787055969238281e+01,8.112613677978515625e+00,9.925514221191406250e+00,1.096565246582031250e+01
9.545503616333007812e+00,8.473412513732910156e+00,3.302019834518432617e+00,7.553384780883789062e+00,3.686235189437866211e+00,6.116742134094238281e+00,4.522692680358886719e+00,7.425817489624023438e+00,1.261122035980224609e+01,8.129401206970214844e+00,9.822074890136718750e+00,1.088199138641357422e+01
7.784062862396240234e+00,9.375666618347167969e+00,3.734051942825317383e+00,7.351323127746582031e+00,4.077991485595703125e+00,1.175923919677734375e+01,5.386048316955566406e+00,5.578185558319091797e+00,1.349266147613525391e+01,8.905891418457031250e+00,9.627710342407226562e+00,1.068432235717773438e+01
8.345471382141113281e+00,9.172300338745117188e+00,3.949815273284912109e+00,7.510498046875000000e+00,3.904070138931274414e+00,1.127143573760986328e+01,5.739729881286621094e+00,5.972871303558349609e+00,1.354514217376708984e+01,9.012641906738281250e+00,9.892368316650390625e+00,1.081338310241699219e+01
6.612784862518310547e+00,9.654863357543945312e+00,3.660486459732055664e+00,6.919427871704101562e+00,3.979297876358032227e+00,1.231852054595947266e+01,4.402125835418701172e+00,5.185183525085449219e+00,1.370208835601806641e+01,8.495379447937011719e+00,9.290102005004882812e+00,1.067250633239746094e+01
8.048295021057128906e+00,9.347427368164062500e+00,3.836719274520874023e+00,7.527974128723144531e+00,4.131299495697021484e+00,1.137942123413085938e+01,5.749444961547851562e+00,5.744530200958251953e+00,1.356772422790527344e+01,9.053591728210449219e+00,9.796056747436523438e+00,1.076490974426269531e+01
8.644202232360839844e+00,9.161518096923828125e+00,3.955221176147460938e+00,7.538677215576171875e+00,3.868604421615600586e+00,1.101003074645996094e+01,5.775577068328857422e+00,6.194844245910644531e+00,1.354171276092529297e+01,9.008703231811523438e+00,9.957020759582519531e+00,1.090885543823242188e+01
7.111810207366943359e+00,9.571508407592773438e+00,3.752243280410766602e+00,7.253241539001464844e+00,3.987160921096801758e+00,1.233094024658203125e+01,5.258400440216064453e+00,5.407460689544677734e+00,1.359465503692626953e+01,8.868346214294433594e+00,9.473099708557128906e+00,1.045799541473388672e+01
6.943202972412109375e+00,9.771366119384765625e+00,3.753554105758666992e+00,7.297163009643554688e+00,3.909868478775024414e+00,1.245098209381103516e+01,5.333958625793457031e+00,5.287064075469970703e+00,1.368527698516845703e+01,8.979700088500976562e+00,9.529004096984863281e+00,1.042490768432617188e+01
7.487248420715332031e+00,9.477386474609375000e+00,3.811281919479370117e+00,7.289650917053222656e+00,3.860576868057250977e+00,1.185614109039306641e+01,5.245891571044921875e+00,5.393044948577880859e+00,1.353155517578125000e+01,8.930889129638671875e+00,9.541528701782226562e+00,1.051409530639648438e+01
8.151102066040039062e+00,9.334371566772460938e+00,4.232924938201904297e+00,7.619302272796630859e+00,4.012130737304687500e+00,1.164439678192138672e+01,5.830363750457763672e+00,5.918148517608642578e+00,1.353460979461669922e+01,9.155076980590820312e+00,9.887999534606933594e+00,1.076462745666503906e+01
7.013219833374023438e+00,9.619653701782226562e+00,3.840002775192260742e+00,7.433907032012939453e+00,4.117688655853271484e+00,1.260592460632324219e+01,5.670251369476318359e+00,5.419695854187011719e+00,1.381280040740966797e+01,9.132381439208984375e+00,9.708101272583007812e+00,1.057791042327880859e+01
1.118208026885986328e+01,7.867530822753906250e+00,4.606619834899902344e+00,7.239117622375488281e+00,3.116163492202758789e+00,8.132792472839355469e+00,5.298482894897460938e+00,8.110254287719726562e+00,1.286965847015380859e+01,9.041727066040039062e+00,1.027233886718750000e+01,1.145291042327880859e+01
1.089074134826660156e+01,8.406013488769531250e+00,4.545894622802734375e+00,7.591372489929199219e+00,3.419818162918090820e+00,8.309922218322753906e+00,5.327054023742675781e+00,7.977121353149414062e+00,1.310408592224121094e+01,9.073074340820312500e+00,1.044641399383544922e+01,1.157481384277343750e+01
1.075213241577148438e+01,8.651315689086914062e+00,4.527356147766113281e+00,7.619366645812988281e+00,3.531120061874389648e+00,8.729640007019042969e+00,5.605634689331054688e+00,7.979774475097656250e+00,1.330543422698974609e+01,8.918412208557128906e+00,1.045684051513671875e+01,1.161021232604980469e+01
1.095840549468994141e+01,8.057588577270507812e+00,4.742033004760742188e+00,7.388302803039550781e+00,3.169398546218872070e+00,8.005161285400390625e+00,5.352135658264160156e+00,7.850834846496582031e+00,1.292819499969482422e+01,9.113086700439453125e+00,1.022701168060302734e+01,1.145646762847900391e+01
1.110349464416503906e+01,8.079553604125976562e+00,4.692193984985351562e+00,7.454160213470458984e+00,3.191269397735595703e+00,8.205022811889648438e+00,5.435468673706054688e+00,8.043407440185546875e+00,1.295617771148681641e+01,9.134595870971679688e+00,1.032752132415771484e+01,1.149812889099121094e+01
1.075526237487792969e+01,8.646652221679687500e+00,4.379909992218017578e+00,7.588558197021484375e+00,3.596940040588378906e+00,9.049785614013671875e+00,5.494164943695068359e+00,7.978666782379150391e+00,1.330860137939453125e+01,8.865113258361816406e+00,1.040196323394775391e+01,1.160563278198242188e+01
1.063691806793212891e+01,8.853340148925781250e+00,4.430986404418945312e+00,7.594473361968994141e+00,3.883827924728393555e+00,9.396684646606445312e+00,5.560254573822021484e+00,8.180742263793945312e+00,1.354919910430908203e+01,8.818758964538574219e+00,1.043288135528564453e+01,1.163035011291503906e+01
1.131545639038085938e+01,7.404297828674316406e+00,4.720569133758544922e+00,7.082411766052246094e+00,2.939328670501708984e+00,7.739598274230957031e+00,5.142909049987792969e+00,8.060745239257812500e+00,1.258415889739990234e+01,9.045402526855468750e+00,9.917318344116210938e+00,1.110216522216796875e+01
1.075205802917480469e+01,8.434932708740234375e+00,4.504643917083740234e+00,7.549271583557128906e+00,3.229492902755737305e+00,7.873028755187988281e+00,5.332572937011718750e+00,7.762076377868652344e+00,1.304221153259277344e+01,8.902647018432617188e+00,1.036927509307861328e+01,1.141605567932128906e+01
1.091645145416259766e+01,8.218948364257812500e+00,4.541839599609375000e+00,7.489923477172851562e+00,3.199645042419433594e+00,8.416316986083984375e+00,5.379394054412841797e+00,7.982450962066650391e+00,1.301397895812988281e+01,9.005083084106445312e+00,1.039122486114501953e+01,1.152666282653808594e+01
9.109498977661132812e+00,8.315556526184082031e+00,3.308931589126586914e+00,7.838772773742675781e+00,4.213035583496093750e+00,8.492658615112304688e+00,4.153624534606933594e+00,8.911228179931640625e+00,1.293528366088867188e+01,9.215219497680664062e+00,9.777319908142089844e+00,1.245053672790527344e+01
9.123744964599609375e+00,8.019960403442382812e+00,3.391703605651855469e+00,7.658944129943847656e+00,3.808259487152099609e+00,9.085303306579589844e+00,4.279531478881835938e+00,8.528341293334960938e+00,1.278346538543701172e+01,9.137595176696777344e+00,9.843909263610839844e+00,1.225270080566406250e+01
9.115885734558105469e+00,8.438205718994140625e+00,3.293533325195312500e+00,7.867426872253417969e+00,4.223981857299804688e+00,8.806571960449218750e+00,4.206034183502197266e+00,9.035013198852539062e+00,1.298985576629638672e+01,9.220185279846191406e+00,9.778555870056152344e+00,1.241102981567382812e+01
9.111058235168457031e+00,8.146690368652343750e+00,3.191435337066650391e+00,7.565526962280273438e+00,4.021427154541015625e+00,8.712194442749023438e+00,3.999051570892333984e+00,8.772144317626953125e+00,1.277630138397216797e+01,9.018909454345703125e+00,9.772909164428710938e+00,1.221809196472167969e+01
9.141860961914062500e+00,8.269574165344238281e+00,3.300571203231811523e+00,7.532565116882324219e+00,3.896246910095214844e+00,8.653248786926269531e+00,4.338402748107910156e+00,8.791238784790039062e+00,1.284141826629638672e+01,9.108249664306640625e+00,1.001949882507324219e+01,1.227175903320312500e+01
9.083932876586914062e+00,8.180280685424804688e+00,3.143910169601440430e+00,7.753170013427734375e+00,4.130613803863525391e+00,8.407961845397949219e+00,4.038223266601562500e+00,8.904488563537597656e+00,1.285937309265136719e+01,9.088722229003906250e+00,9.829274177551269531e+00,1.228064346313476562e+01
9.157299041748046875e+00,8.192810058593750000e+00,3.231280326843261719e+00,7.581672668457031250e+00,3.886191606521606445e+00,8.266732215881347656e+00,4.352280139923095703e+00,8.791428565979003906e+00,1.279899501800537109e+01,9.154892921447753906e+00,9.965622901916503906e+00,1.227642345428466797e+01
9.090880393981933594e+00,8.079751014709472656e+00,3.298928499221801758e+00,7.695771217346191406e+00,3.968401193618774414e+00,9.162164688110351562e+00,4.250335693359375000e+00,8.691131591796875000e+00,1.284812831878662109e+01,9.095506668090820312e+00,9.789785385131835938e+00,1.224113750457763672e+01
9.050157546997070312e+00,7.777429580688476562e+00,3.074521541595458984e+00,7.272463321685791016e+00,3.473941564559936523e+00,8.697460174560546875e+00,4.289805412292480469e+00,8.133739471435546875e+00,1.253380680084228516e+01,9.036558151245117188e+00,9.990365028381347656e+00,1.207079124450683594e+01
9.124534606933593750e+00,8.028949737548828125e+00,3.252678155899047852e+00,7.443928718566894531e+00,3.580229997634887695e+00,8.507732391357421875e+00,3.984788179397583008e+00,8.653285980224609375e+00,1.262485599517822266e+01,9.011303901672363281e+00,9.827508926391601562e+00,1.213310050964355469e+01
6.751189708709716797e+00,1.000709533691406250e+01,3.424952983856201172e+00,7.088589191436767578e+00,4.411880493164062500e+00,1.223663902282714844e+01,4.648951530456542969e+00,5.633992195129394531e+00,1.392187023162841797e+01,8.468998908996582031e+00,9.485353469848632812e+00,1.091651344299316406e+01
6.525216102600097656e+00,1.002628135681152344e+01,3.522734642028808594e+00,6.936981201171875000e+00,4.211250782012939453e+00,1.252050971984863281e+01,4.485122203826904297e+00,5.083739757537841797e+00,1.388799381256103516e+01,8.584009170532226562e+00,9.369400024414062500e+00,1.079018020629882812e+01
6.730700969696044922e+00,1.003260993957519531e+01,3.418726682662963867e+00,7.067726135253906250e+00,4.255952835083007812e+00,1.216028976440429688e+01,4.588127136230468750e+00,5.363863945007324219e+00,1.385706806182861328e+01,8.543102264404296875e+00,9.467700958251953125e+00,1.083758926391601562e+01
6.593575000762939453e+00,9.994593620300292969e+00,3.484315395355224609e+00,6.982147693634033203e+00,4.116334915161132812e+00,1.234826278686523438e+01,4.453776359558105469e+00,5.135348796844482422e+00,1.379217338562011719e+01,8.596151351928710938e+00,9.412018775939941406e+00,1.072523403167724609e+01
6.601946353912353516e+00,9.985832214355468750e+00,3.490817070007324219e+00,6.993485450744628906e+00,4.288630485534667969e+00,1.243345642089843750e+01,4.552579879760742188e+00,5.286056041717529297e+00,1.387674903869628906e+01,8.523051261901855469e+00,9.404208183288574219e+00,1.082158851623535156e+01
6.540030956268310547e+00,9.981600761413574219e+00,3.556879281997680664e+00,6.959696292877197266e+00,4.245114803314208984e+00,1.263742923736572266e+01,4.520453453063964844e+00,5.150733470916748047e+00,1.388942146301269531e+01,8.533798217773437500e+00,9.397336959838867188e+00,1.077033805847167969e+01
6.547276496887207031e+00,9.921310424804687500e+00,3.580734491348266602e+00,6.951791286468505859e+00,4.132269382476806641e+00,1.272851181030273438e+01,4.488021373748779297e+00,5.064590930938720703e+00,1.380025768280029297e+01,8.607550621032714844e+00,9.376182556152343750e+00,1.069521617889404297e+01
6.793474197387695312e+00,9.921429634094238281e+00,3.464677095413208008e+00,7.052792549133300781e+00,4.236218452453613281e+00,1.229960060119628906e+01,4.533413410186767578e+00,5.512555122375488281e+00,1.374843883514404297e+01,8.503333091735839844e+00,9.479204177856445312e+00,1.080996894836425781e+01
6.583324432373046875e+00,9.909616470336914062e+00,3.562570333480834961e+00,6.969311714172363281e+00,4.111199855804443359e+00,1.262367153167724609e+01,4.434813499450683594e+00,5.095244407653808594e+00,1.374658489227294922e+01,8.583251953125000000e+00,9.388816833496093750e+00,1.066583824157714844e+01
6.522852420806884766e+00,9.949321746826171875e+00,3.576245069503784180e+00,6.964339733123779297e+00,4.143769264221191406e+00,1.273104190826416016e+01,4.499434471130371094e+00,5.067068576812744141e+00,1.387883472442626953e+01,8.587808609008789062e+00,9.360962867736816406e+00,1.071496295928955078e+01
9.804401397705078125e+00,8.127151489257812500e+00,1.268262743949890137e+00,6.680820465087890625e+00,3.152333974838256836e+00,9.584012031555175781e+00,7.030528068542480469e+00,8.429100990295410156e+00,1.291520595550537109e+01,7.623882770538330078e+00,9.462871551513671875e+00,1.017385292053222656e+01
9.796669006347656250e+00,8.141992568969726562e+00,1.378400683403015137e+00,6.618585109710693359e+00,3.125853776931762695e+00,9.611673355102539062e+00,6.922349929809570312e+00,8.338539123535156250e+00,1.290709781646728516e+01,7.523885250091552734e+00,9.407432556152343750e+00,1.013757896423339844e+01
9.800716400146484375e+00,7.959898948669433594e+00,1.495660424232482910e+00,6.732844829559326172e+00,3.254958152770996094e+00,9.533874511718750000e+00,7.201986312866210938e+00,8.371522903442382812e+00,1.295838451385498047e+01,7.718382835388183594e+00,9.441429138183593750e+00,1.016568946838378906e+01
9.832036018371582031e+00,8.130977630615234375e+00,1.119676947593688965e+00,6.639656543731689453e+00,3.075654268264770508e+00,9.560325622558593750e+00,6.894372940063476562e+00,8.343250274658203125e+00,1.287837123870849609e+01,7.519755363464355469e+00,9.453330039978027344e+00,1.013908100128173828e+01
9.785921096801757812e+00,7.754405021667480469e+00,2.316572427749633789e+00,7.113581657409667969e+00,3.214956521987915039e+00,9.254055976867675781e+00,7.396099090576171875e+00,8.031093597412109375e+00,1.277532291412353516e+01,8.014706611633300781e+00,9.293914794921875000e+00,1.020964813232421875e+01
9.766325950622558594e+00,7.951032638549804688e+00,1.627845525741577148e+00,6.814671516418457031e+00,3.179091215133666992e+00,9.385905265808105469e+00,7.113418579101562500e+00,8.307247161865234375e+00,1.291049385070800781e+01,7.646422863006591797e+00,9.443272590637207031e+00,1.025189971923828125e+01
9.791666030883789062e+00,7.780020713806152344e+00,1.729898810386657715e+00,6.866019248962402344e+00,3.365357637405395508e+00,9.367460250854492188e+00,7.459434509277343750e+00,8.303039550781250000e+00,1.288976573944091797e+01,7.913507938385009766e+00,9.404228210449218750e+00,1.019516086578369141e+01
9.819307327270507812e+00,8.008674621582031250e+00,1.528976321220397949e+00,6.710197448730468750e+00,3.165203094482421875e+00,9.314443588256835938e+00,6.997081756591796875e+00,8.322700500488281250e+00,1.278206157684326172e+01,7.564698219299316406e+00,9.395737648010253906e+00,1.016859245300292969e+01
9.882735252380371094e+00,7.870186805725097656e+00,1.956819891929626465e+00,6.993885993957519531e+00,3.281258106231689453e+00,9.305160522460937500e+00,7.285998344421386719e+00,8.224845886230468750e+00,1.287180995941162109e+01,7.777857303619384766e+00,9.388834953308105469e+00,1.029643726348876953e+01
9.830444335937500000e+00,7.901166915893554688e+00,1.749036312103271484e+00,6.869442462921142578e+00,3.276951313018798828e+00,9.334023475646972656e+00,7.183806419372558594e+00,8.315328598022460938e+00,1.286211585998535156e+01,7.703884601593017578e+00,9.415836334228515625e+00,1.027142429351806641e+01
9.387497901916503906e+00,8.922994613647460938e+00,3.423837661743164062e+00,8.497482299804687500e+00,5.015473365783691406e+00,8.430234909057617188e+00,8.977085113525390625e+00,8.662495613098144531e+00,1.360080528259277344e+01,9.814153671264648438e+00,1.085019016265869141e+01,1.220136165618896484e+01
9.434930801391601562e+00,8.938455581665039062e+00,3.526813507080078125e+00,8.465899467468261719e+00,4.945987224578857422e+00,8.362740516662597656e+00,9.014776229858398438e+00,8.621053695678710938e+00,1.359231948852539062e+01,9.825637817382812500e+00,1.081661033630371094e+01,1.221912860870361328e+01
9.477103233337402344e+00,9.017616271972656250e+00,3.481411218643188477e+00,8.416130065917968750e+00,4.661677360534667969e+00,8.196986198425292969e+00,9.208845138549804688e+00,8.581829071044921875e+00,1.361381053924560547e+01,9.854427337646484375e+00,1.073237323760986328e+01,1.216186141967773438e+01
9.337453842163085938e+00,9.104302406311035156e+00,3.061908960342407227e+00,8.554111480712890625e+00,4.924283027648925781e+00,8.441336631774902344e+00,9.524602890014648438e+00,8.329719543457031250e+00,1.385021305084228516e+01,9.976016998291015625e+00,1.101415443420410156e+01,1.237796020507812500e+01
9.251560211181640625e+00,9.175634384155273438e+00,2.862175226211547852e+00,8.470066070556640625e+00,4.686698913574218750e+00,8.567731857299804688e+00,9.590406417846679688e+00,8.227542877197265625e+00,1.393173694610595703e+01,9.923064231872558594e+00,1.099066925048828125e+01,1.233475112915039062e+01
9.447916030883789062e+00,9.074920654296875000e+00,3.337981462478637695e+00,8.421763420104980469e+00,4.556596279144287109e+00,8.241000175476074219e+00,9.346054077148437500e+00,8.562266349792480469e+00,1.369745731353759766e+01,9.853230476379394531e+00,1.076660919189453125e+01,1.214431953430175781e+01
9.506063461303710938e+00,8.934470176696777344e+00,3.681428670883178711e+00,8.337795257568359375e+00,4.291219711303710938e+00,8.129092216491699219e+00,8.977075576782226562e+00,8.726884841918945312e+00,1.352513027191162109e+01,9.712451934814453125e+00,1.056715583801269531e+01,1.199126625061035156e+01
9.413812637329101562e+00,9.017663002014160156e+00,3.163458585739135742e+00,8.514965057373046875e+00,4.706730842590332031e+00,8.224447250366210938e+00,9.491470336914062500e+00,8.446304321289062500e+00,1.375759220123291016e+01,9.935667991638183594e+00,1.089610290527343750e+01,1.223063468933105469e+01
9.342958450317382812e+00,9.030871391296386719e+00,3.001932859420776367e+00,8.548602104187011719e+00,4.652636051177978516e+00,8.178726196289062500e+00,9.481950759887695312e+00,8.242562294006347656e+00,1.379304409027099609e+01,9.985754013061523438e+00,1.099772167205810547e+01,1.230286026000976562e+01
9.502840995788574219e+00,8.713468551635742188e+00,3.628889799118041992e+00,8.445382118225097656e+00,4.506344795227050781e+00,8.072243690490722656e+00,8.784642219543457031e+00,8.690196990966796875e+00,1.353174781799316406e+01,9.823305130004882812e+00,1.075650310516357422e+01,1.210833358764648438e+01
