9.087312698364257812e+00,8.258450508117675781e+00,3.457180500030517578e+00,7.737014293670654297e+00,3.821983098983764648e+00,8.084567070007324219e+00,6.503075599670410156e+00,7.684083461761474609e+00,1.276887130737304688e+01,9.359452247619628906e+00,1.036389636993408203e+01,1.231624412536621094e+01
9.092090606689453125e+00,8.372730255126953125e+00,3.440046072006225586e+00,7.776773452758789062e+00,3.853717327117919922e+00,8.211342811584472656e+00,6.566087722778320312e+00,7.747187137603759766e+00,1.280015182495117188e+01,9.393459320068359375e+00,1.036387920379638672e+01,1.236209392547607422e+01
9.164357185363769531e+00,8.384674072265625000e+00,3.458858013153076172e+00,7.753008365631103516e+00,3.730048894882202148e+00,7.745944023132324219e+00,6.301485538482666016e+00,7.809040546417236328e+00,1.275623321533203125e+01,9.341234207153320312e+00,1.037952518463134766e+01,1.229330158233642578e+01
9.103635787963867188e+00,8.455882072448730469e+00,3.483727693557739258e+00,7.797697067260742188e+00,3.920543909072875977e+00,8.480676651000976562e+00,6.598467826843261719e+00,7.960896968841552734e+00,1.282671356201171875e+01,9.424793243408203125e+00,1.042730236053466797e+01,1.237333869934082031e+01
9.089067459106445312e+00,8.498985290527343750e+00,3.468912363052368164e+00,7.812336921691894531e+00,4.085659027099609375e+00,8.878170013427734375e+00,6.696666717529296875e+00,8.287378311157226562e+00,1.289347457885742188e+01,9.446572303771972656e+00,1.048773670196533203e+01,1.243448638916015625e+01
9.114202499389648438e+00,8.436857223510742188e+00,3.453004121780395508e+00,7.779118061065673828e+00,3.917556285858154297e+00,8.411552429199218750e+00,6.582354068756103516e+00,7.851107597351074219e+00,1.279868698120117188e+01,9.398815155029296875e+00,1.038763141632080078e+01,1.234030723571777344e+01
9.138209342956542969e+00,8.442866325378417969e+00,3.478914022445678711e+00,7.829527854919433594e+00,3.988031148910522461e+00,8.295447349548339844e+00,6.548181533813476562e+00,7.816248893737792969e+00,1.286134910583496094e+01,9.416027069091796875e+00,1.038867568969726562e+01,1.242689609527587891e+01
9.105163574218750000e+00,8.437190055847167969e+00,3.481440305709838867e+00,7.812430858612060547e+00,3.969988584518432617e+00,8.476058959960937500e+00,6.612739562988281250e+00,7.884035110473632812e+00,1.284325695037841797e+01,9.431638717651367188e+00,1.039310359954833984e+01,1.241548061370849609e+01
9.011911392211914062e+00,8.488047599792480469e+00,3.478926420211791992e+00,7.804303169250488281e+00,3.941257953643798828e+00,8.780161857604980469e+00,6.766005516052246094e+00,8.399114608764648438e+00,1.288550949096679688e+01,9.425847053527832031e+00,1.046715354919433594e+01,1.236585330963134766e+01
9.081155776977539062e+00,8.512874603271484375e+00,3.492015361785888672e+00,7.805471897125244141e+00,4.045694828033447266e+00,8.830573081970214844e+00,6.782911777496337891e+00,8.092111587524414062e+00,1.286268424987792969e+01,9.465702056884765625e+00,1.044444179534912109e+01,1.244192504882812500e+01
9.989167213439941406e+00,8.810260772705078125e+00,3.842682838439941406e+00,7.961861133575439453e+00,3.580792665481567383e+00,6.343321800231933594e+00,5.533903121948242188e+00,8.493976593017578125e+00,1.307663917541503906e+01,8.604399681091308594e+00,1.037150478363037109e+01,1.114238548278808594e+01
9.976549148559570312e+00,8.577836036682128906e+00,3.678847074508666992e+00,7.547976493835449219e+00,3.261545419692993164e+00,7.032228469848632812e+00,5.159925460815429688e+00,7.545805931091308594e+00,1.300617694854736328e+01,8.769653320312500000e+00,1.028326320648193359e+01,1.087583351135253906e+01
1.035297584533691406e+01,8.491921424865722656e+00,3.707750320434570312e+00,7.526993274688720703e+00,3.188785314559936523e+00,7.353408813476562500e+00,5.329898357391357422e+00,8.047534942626953125e+00,1.305734443664550781e+01,8.580702781677246094e+00,1.042070198059082031e+01,1.086693954467773438e+01
1.024226379394531250e+01,8.661970138549804688e+00,3.893927812576293945e+00,7.727102756500244141e+00,3.250260114669799805e+00,6.789856910705566406e+00,5.809926033020019531e+00,8.501646041870117188e+00,1.312630844116210938e+01,8.516161918640136719e+00,1.031988143920898438e+01,1.084932136535644531e+01
1.019153213500976562e+01,8.672015190124511719e+00,3.394006967544555664e+00,8.062418937683105469e+00,3.468230009078979492e+00,6.778352737426757812e+00,5.846027374267578125e+00,8.663038253784179688e+00,1.318400955200195312e+01,8.695736885070800781e+00,1.048718738555908203e+01,1.130041313171386719e+01
1.026542663574218750e+01,8.393019676208496094e+00,3.973994016647338867e+00,7.426363945007324219e+00,3.089646577835083008e+00,6.996530532836914062e+00,5.011967658996582031e+00,7.928392887115478516e+00,1.293774318695068359e+01,8.569798469543457031e+00,1.035228633880615234e+01,1.090328788757324219e+01
1.016776275634765625e+01,8.410652160644531250e+00,4.393829345703125000e+00,7.382994174957275391e+00,2.873558998107910156e+00,6.755079269409179688e+00,5.058176040649414062e+00,8.056864738464355469e+00,1.278567981719970703e+01,8.325838088989257812e+00,9.866926193237304688e+00,1.042897701263427734e+01
9.955933570861816406e+00,8.612709999084472656e+00,3.110967874526977539e+00,8.010841369628906250e+00,3.369138002395629883e+00,7.527479171752929688e+00,5.630925178527832031e+00,8.361196517944335938e+00,1.312879371643066406e+01,8.888456344604492188e+00,1.059574413299560547e+01,1.158847713470458984e+01
9.877764701843261719e+00,8.508697509765625000e+00,2.918491601943969727e+00,8.107024192810058594e+00,3.605150461196899414e+00,8.734205245971679688e+00,5.941614627838134766e+00,8.683471679687500000e+00,1.318534469604492188e+01,9.105963706970214844e+00,1.075397109985351562e+01,1.188221549987792969e+01
1.009708213806152344e+01,8.662725448608398438e+00,3.331608057022094727e+00,7.979609966278076172e+00,3.401739835739135742e+00,8.044075012207031250e+00,6.001400947570800781e+00,8.402694702148437500e+00,1.324008560180664062e+01,9.017410278320312500e+00,1.055723094940185547e+01,1.150074577331542969e+01
7.133697986602783203e+00,9.234432220458984375e+00,3.321704387664794922e+00,6.710277080535888672e+00,4.082292556762695312e+00,1.196773147583007812e+01,4.735137939453125000e+00,5.200979709625244141e+00,1.340538787841796875e+01,8.524921417236328125e+00,9.392674446105957031e+00,1.091028881072998047e+01
7.502892494201660156e+00,9.020994186401367188e+00,3.303745031356811523e+00,6.759300231933593750e+00,3.871717453002929688e+00,1.134116268157958984e+01,5.180069923400878906e+00,5.317204952239990234e+00,1.321150207519531250e+01,8.487733840942382812e+00,9.589386940002441406e+00,1.095375633239746094e+01
6.476270198822021484e+00,9.791789054870605469e+00,3.510971546173095703e+00,6.749066829681396484e+00,4.284180641174316406e+00,1.282983875274658203e+01,4.528604030609130859e+00,5.064817905426025391e+00,1.373577499389648438e+01,8.482107162475585938e+00,9.247975349426269531e+00,1.085465049743652344e+01
7.330522537231445312e+00,9.012436866760253906e+00,3.261519432067871094e+00,6.735908508300781250e+00,3.648698091506958008e+00,1.106593704223632812e+01,5.042975902557373047e+00,5.340485095977783203e+00,1.320697784423828125e+01,8.536845207214355469e+00,9.640530586242675781e+00,1.093586063385009766e+01
7.695143222808837891e+00,8.908899307250976562e+00,3.242249727249145508e+00,6.801532268524169922e+00,3.652382135391235352e+00,1.074521541595458984e+01,5.319237709045410156e+00,5.505471706390380859e+00,1.318961048126220703e+01,8.506675720214843750e+00,9.654303550720214844e+00,1.097980880737304688e+01
6.912134170532226562e+00,9.469433784484863281e+00,3.404902219772338867e+00,6.727597236633300781e+00,4.175454139709472656e+00,1.219427776336669922e+01,4.614470481872558594e+00,5.069924354553222656e+00,1.360545063018798828e+01,8.546032905578613281e+00,9.306090354919433594e+00,1.083843612670898438e+01
6.832818984985351562e+00,9.518944740295410156e+00,3.413139343261718750e+00,6.778192520141601562e+00,4.185235023498535156e+00,1.223687934875488281e+01,4.680734634399414062e+00,5.055233955383300781e+00,1.366998672485351562e+01,8.560672760009765625e+00,9.318505287170410156e+00,1.081505203247070312e+01
6.902859687805175781e+00,9.453336715698242188e+00,3.476535320281982422e+00,6.736571788787841797e+00,4.223223686218261719e+00,1.224562644958496094e+01,4.647693157196044922e+00,4.998035430908203125e+00,1.361733245849609375e+01,8.555618286132812500e+00,9.338381767272949219e+00,1.083459472656250000e+01
7.264709949493408203e+00,9.111849784851074219e+00,3.359712123870849609e+00,6.787268161773681641e+00,4.215374946594238281e+00,1.180310821533203125e+01,4.595342159271240234e+00,5.153247356414794922e+00,1.350439262390136719e+01,8.541038513183593750e+00,9.482873916625976562e+00,1.099953174591064453e+01
7.145185947418212891e+00,9.211862564086914062e+00,3.534875631332397461e+00,7.166358947753906250e+00,4.106043815612792969e+00,1.167205524444580078e+01,5.234832763671875000e+00,5.545711040496826172e+00,1.379554557800292969e+01,8.844421386718750000e+00,9.580800056457519531e+00,1.089452171325683594e+01
1.029418182373046875e+01,8.456518173217773438e+00,4.097340583801269531e+00,7.391138553619384766e+00,3.354067087173461914e+00,7.611343383789062500e+00,5.012373924255371094e+00,7.610253810882568359e+00,1.300317096710205078e+01,8.510724067687988281e+00,1.022169589996337891e+01,1.108261966705322266e+01
1.023679924011230469e+01,8.627986907958984375e+00,4.101085186004638672e+00,7.427385807037353516e+00,3.346070528030395508e+00,7.783855438232421875e+00,5.063078880310058594e+00,7.670534610748291016e+00,1.306058597564697266e+01,8.425711631774902344e+00,1.016729068756103516e+01,1.102710723876953125e+01
1.013273811340332031e+01,8.637435913085937500e+00,3.910299539566040039e+00,7.377021312713623047e+00,3.250836133956909180e+00,7.842296600341796875e+00,4.925616741180419922e+00,7.460356712341308594e+00,1.301338577270507812e+01,8.335638046264648438e+00,1.015838432312011719e+01,1.102356243133544922e+01
1.011357498168945312e+01,8.546211242675781250e+00,3.886972665786743164e+00,7.331949710845947266e+00,3.208676815032958984e+00,7.538475990295410156e+00,4.855549812316894531e+00,7.404884815216064453e+00,1.290026855468750000e+01,8.393242835998535156e+00,1.018344020843505859e+01,1.097608947753906250e+01
1.019521331787109375e+01,8.468856811523437500e+00,3.939900636672973633e+00,7.431285858154296875e+00,3.234246492385864258e+00,7.703279495239257812e+00,4.890454292297363281e+00,7.536007404327392578e+00,1.300618743896484375e+01,8.442485809326171875e+00,1.012477207183837891e+01,1.111766052246093750e+01
1.030652618408203125e+01,8.686864852905273438e+00,4.183159351348876953e+00,7.416535854339599609e+00,3.568153381347656250e+00,8.205760002136230469e+00,5.195333957672119141e+00,7.806816577911376953e+00,1.316157531738281250e+01,8.419580459594726562e+00,1.023868370056152344e+01,1.107352542877197266e+01
1.028260421752929688e+01,8.586584091186523438e+00,3.879552125930786133e+00,7.410408020019531250e+00,3.343311548233032227e+00,8.307997703552246094e+00,4.967563629150390625e+00,7.541718006134033203e+00,1.308380889892578125e+01,8.415651321411132812e+00,1.015560436248779297e+01,1.115598106384277344e+01
1.047227573394775391e+01,8.220336914062500000e+00,4.005348205566406250e+00,7.397139549255371094e+00,3.392740964889526367e+00,7.752446174621582031e+00,5.108575820922851562e+00,7.732845783233642578e+00,1.299267578125000000e+01,8.595030784606933594e+00,1.017489051818847656e+01,1.110346889495849609e+01
1.015472984313964844e+01,8.631026268005371094e+00,4.021322727203369141e+00,7.398285388946533203e+00,3.264482498168945312e+00,7.812438964843750000e+00,4.988712310791015625e+00,7.640416145324707031e+00,1.303857231140136719e+01,8.375974655151367188e+00,1.015889644622802734e+01,1.097491931915283203e+01
1.023791885375976562e+01,8.530340194702148438e+00,4.158382415771484375e+00,7.383595943450927734e+00,3.367222070693969727e+00,7.879179954528808594e+00,5.045992374420166016e+00,7.653076171875000000e+00,1.302228260040283203e+01,8.405117034912109375e+00,1.017141437530517578e+01,1.105227088928222656e+01
9.196720123291015625e+00,8.444453239440917969e+00,3.460906505584716797e+00,7.724462509155273438e+00,4.735471725463867188e+00,8.317485809326171875e+00,4.586461067199707031e+00,8.669015884399414062e+00,1.295725250244140625e+01,9.140645980834960938e+00,9.914437294006347656e+00,1.253736686706542969e+01
9.145837783813476562e+00,8.329605102539062500e+00,3.387760162353515625e+00,7.691871166229248047e+00,4.686958312988281250e+00,8.375770568847656250e+00,4.433913230895996094e+00,8.397968292236328125e+00,1.292714309692382812e+01,9.104860305786132812e+00,9.796972274780273438e+00,1.251602935791015625e+01
9.212997436523437500e+00,8.507385253906250000e+00,3.438039064407348633e+00,7.749587535858154297e+00,4.721920013427734375e+00,8.471235275268554688e+00,4.545117855072021484e+00,8.658263206481933594e+00,1.298711013793945312e+01,9.134002685546875000e+00,9.842400550842285156e+00,1.255243682861328125e+01
9.232644081115722656e+00,8.544023513793945312e+00,3.392500638961791992e+00,7.695392131805419922e+00,4.700985908508300781e+00,8.568296432495117188e+00,4.652418613433837891e+00,8.489287376403808594e+00,1.296836757659912109e+01,9.148002624511718750e+00,9.964961051940917969e+00,1.259845256805419922e+01
9.327041625976562500e+00,8.601366043090820312e+00,3.509709835052490234e+00,7.654514789581298828e+00,4.751027107238769531e+00,8.363356590270996094e+00,4.818996429443359375e+00,8.460652351379394531e+00,1.300328826904296875e+01,9.144971847534179688e+00,1.012390422821044922e+01,1.251461029052734375e+01
9.108312606811523438e+00,8.769140243530273438e+00,3.184800148010253906e+00,7.553133487701416016e+00,4.939061164855957031e+00,8.535303115844726562e+00,4.626320838928222656e+00,8.851853370666503906e+00,1.285975074768066406e+01,9.043020248413085938e+00,1.015545463562011719e+01,1.263421249389648438e+01
9.335144042968750000e+00,8.537334442138671875e+00,3.457628011703491211e+00,7.547640323638916016e+00,4.613806724548339844e+00,8.217348098754882812e+00,4.764486312866210938e+00,8.451674461364746094e+00,1.289993762969970703e+01,9.096241950988769531e+00,1.013619518280029297e+01,1.242371749877929688e+01
9.157086372375488281e+00,8.508567810058593750e+00,3.301866292953491211e+00,7.616315364837646484e+00,4.766168594360351562e+00,8.389753341674804688e+00,4.433412551879882812e+00,8.633087158203125000e+00,1.283616256713867188e+01,9.046298980712890625e+00,9.843230247497558594e+00,1.250352001190185547e+01
9.210548400878906250e+00,8.413284301757812500e+00,3.289996385574340820e+00,7.581869602203369141e+00,4.607217788696289062e+00,8.414506912231445312e+00,4.705783843994140625e+00,8.341916084289550781e+00,1.283524799346923828e+01,9.126216888427734375e+00,1.002099990844726562e+01,1.250517749786376953e+01
9.298207283020019531e+00,8.365258216857910156e+00,3.479055643081665039e+00,7.713447093963623047e+00,4.589805603027343750e+00,8.142714500427246094e+00,4.703947067260742188e+00,8.391179084777832031e+00,1.290697479248046875e+01,9.161386489868164062e+00,1.000131511688232422e+01,1.252457618713378906e+01
7.502165317535400391e+00,9.896105766296386719e+00,3.500780820846557617e+00,7.424625396728515625e+00,4.391514778137207031e+00,1.034302616119384766e+01,5.084238529205322266e+00,6.624123573303222656e+00,1.435742759704589844e+01,9.081296920776367188e+00,1.000811004638671875e+01,1.136507606506347656e+01
7.028324127197265625e+00,9.672603607177734375e+00,3.153033494949340820e+00,7.310470104217529297e+00,4.172671318054199219e+00,1.040548896789550781e+01,4.905690670013427734e+00,6.104660987854003906e+00,1.419750404357910156e+01,8.961488723754882812e+00,9.893960952758789062e+00,1.126940917968750000e+01
7.123176097869873047e+00,9.633158683776855469e+00,3.264935255050659180e+00,7.377889633178710938e+00,4.142826557159423828e+00,1.012195301055908203e+01,4.777623176574707031e+00,6.315512180328369141e+00,1.413572120666503906e+01,9.006198883056640625e+00,9.887307167053222656e+00,1.131251716613769531e+01
7.048672676086425781e+00,9.621519088745117188e+00,3.197493314743041992e+00,7.368097782135009766e+00,4.140394210815429688e+00,1.056957435607910156e+01,4.953610897064208984e+00,6.220173358917236328e+00,1.410761642456054688e+01,8.999966621398925781e+00,9.911295890808105469e+00,1.123218822479248047e+01
7.047819137573242188e+00,9.809463500976562500e+00,3.321379423141479492e+00,7.352256298065185547e+00,4.089584350585937500e+00,1.093957424163818359e+01,4.995490074157714844e+00,6.228114128112792969e+00,1.426957702636718750e+01,9.005668640136718750e+00,9.944849967956542969e+00,1.127241325378417969e+01
6.927022457122802734e+00,9.867132186889648438e+00,3.357044219970703125e+00,7.263382434844970703e+00,4.174554824829101562e+00,1.129293060302734375e+01,4.978405475616455078e+00,5.969244480133056641e+00,1.428384304046630859e+01,8.979636192321777344e+00,9.823945045471191406e+00,1.121577548980712891e+01
6.770791530609130859e+00,9.742771148681640625e+00,3.255694389343261719e+00,7.239713668823242188e+00,4.103573799133300781e+00,1.163084888458251953e+01,5.005372047424316406e+00,5.791975975036621094e+00,1.419062519073486328e+01,8.978069305419921875e+00,9.761052131652832031e+00,1.109547042846679688e+01
6.772885322570800781e+00,9.794285774230957031e+00,3.346426010131835938e+00,7.241767406463623047e+00,4.095201492309570312e+00,1.163177299499511719e+01,4.805760383605957031e+00,5.972902774810791016e+00,1.412995147705078125e+01,8.907768249511718750e+00,9.796338081359863281e+00,1.116951751708984375e+01
6.701939582824707031e+00,9.756159782409667969e+00,3.296264410018920898e+00,7.205561161041259766e+00,4.082790374755859375e+00,1.171722984313964844e+01,4.865031719207763672e+00,5.686550617218017578e+00,1.411581611633300781e+01,8.919589042663574219e+00,9.717721939086914062e+00,1.107233619689941406e+01
6.810665130615234375e+00,9.809086799621582031e+00,3.270863294601440430e+00,7.223303318023681641e+00,4.124756813049316406e+00,1.150980854034423828e+01,4.998296737670898438e+00,5.853550434112548828e+00,1.422451400756835938e+01,8.973549842834472656e+00,9.760683059692382812e+00,1.112999629974365234e+01
1.024965858459472656e+01,8.350022315979003906e+00,3.261770248413085938e+00,7.030289173126220703e+00,3.550793886184692383e+00,9.554370880126953125e+00,6.968423366546630859e+00,8.167093276977539062e+00,1.321045112609863281e+01,8.121606826782226562e+00,9.615006446838378906e+00,1.052375411987304688e+01
1.012397480010986328e+01,8.341089248657226562e+00,3.480232954025268555e+00,7.241552829742431641e+00,3.602507829666137695e+00,9.490902900695800781e+00,6.788636207580566406e+00,8.085892677307128906e+00,1.330528831481933594e+01,8.273360252380371094e+00,9.723720550537109375e+00,1.075722599029541016e+01
1.020915985107421875e+01,8.317467689514160156e+00,3.640229463577270508e+00,7.271881580352783203e+00,3.772912502288818359e+00,9.160854339599609375e+00,6.830396652221679688e+00,8.034955024719238281e+00,1.325873947143554688e+01,8.415248870849609375e+00,9.756680488586425781e+00,1.066222190856933594e+01
1.026680755615234375e+01,8.382281303405761719e+00,3.313882112503051758e+00,7.058240413665771484e+00,3.512551307678222656e+00,9.528215408325195312e+00,6.841288089752197266e+00,8.391242980957031250e+00,1.332917404174804688e+01,8.106661796569824219e+00,9.682518959045410156e+00,1.060161018371582031e+01
1.011937904357910156e+01,8.298133850097656250e+00,3.405626058578491211e+00,7.210783481597900391e+00,3.510933160781860352e+00,9.474532127380371094e+00,6.612434387207031250e+00,7.578558921813964844e+00,1.302732467651367188e+01,8.148468971252441406e+00,9.615238189697265625e+00,1.055119800567626953e+01
1.024534225463867188e+01,8.379072189331054688e+00,3.372101068496704102e+00,6.989569664001464844e+00,3.512141942977905273e+00,9.523571014404296875e+00,6.752132415771484375e+00,8.176170349121093750e+00,1.318345642089843750e+01,8.071838378906250000e+00,9.647553443908691406e+00,1.054927444458007812e+01
1.026594734191894531e+01,8.542578697204589844e+00,3.517483472824096680e+00,7.069142818450927734e+00,3.519267559051513672e+00,9.333079338073730469e+00,6.977746009826660156e+00,8.261838912963867188e+00,1.317244529724121094e+01,8.240470886230468750e+00,9.665147781372070312e+00,1.049993896484375000e+01
1.019632625579833984e+01,8.593219757080078125e+00,3.357698440551757812e+00,6.845600128173828125e+00,3.313374996185302734e+00,9.357749938964843750e+00,6.827681541442871094e+00,8.410530090332031250e+00,1.308000183105468750e+01,7.879286289215087891e+00,9.554494857788085938e+00,1.047805786132812500e+01
1.000246429443359375e+01,8.406639099121093750e+00,3.573080539703369141e+00,7.252296447753906250e+00,3.430620908737182617e+00,9.292077064514160156e+00,6.603322029113769531e+00,7.719734668731689453e+00,1.318488311767578125e+01,8.230360984802246094e+00,9.733464241027832031e+00,1.075825881958007812e+01
1.020452308654785156e+01,8.499876022338867188e+00,3.459537744522094727e+00,7.050567626953125000e+00,3.495391130447387695e+00,9.390769004821777344e+00,6.839219570159912109e+00,8.249761581420898438e+00,1.324866676330566406e+01,8.095133781433105469e+00,9.644749641418457031e+00,1.062634277343750000e+01
9.169043540954589844e+00,9.594153404235839844e+00,3.482790231704711914e+00,8.280769348144531250e+00,5.151420593261718750e+00,8.113906860351562500e+00,8.680294036865234375e+00,8.262861251831054688e+00,1.403662967681884766e+01,9.763154983520507812e+00,1.114150810241699219e+01,1.247202777862548828e+01
9.181963920593261719e+00,9.589872360229492188e+00,3.472030878067016602e+00,8.255479812622070312e+00,5.030938148498535156e+00,8.046067237854003906e+00,8.681908607482910156e+00,8.160639762878417969e+00,1.402753734588623047e+01,9.761468887329101562e+00,1.114675521850585938e+01,1.242154312133789062e+01
9.076398849487304688e+00,9.522620201110839844e+00,3.421772003173828125e+00,8.133338928222656250e+00,4.736670494079589844e+00,8.415775299072265625e+00,9.046566009521484375e+00,7.977686405181884766e+00,1.395046138763427734e+01,9.749608993530273438e+00,1.117460918426513672e+01,1.243013286590576172e+01
9.021997451782226562e+00,9.547417640686035156e+00,3.271318912506103516e+00,8.116415977478027344e+00,4.661396980285644531e+00,8.376461029052734375e+00,9.152586936950683594e+00,7.820875644683837891e+00,1.400136947631835938e+01,9.756952285766601562e+00,1.120577430725097656e+01,1.245137214660644531e+01
9.011745452880859375e+00,9.536864280700683594e+00,3.176358938217163086e+00,8.086994171142578125e+00,4.569399833679199219e+00,8.337812423706054688e+00,9.293425559997558594e+00,7.737169265747070312e+00,1.400538444519042969e+01,9.737689018249511719e+00,1.118195343017578125e+01,1.240707397460937500e+01
9.079222679138183594e+00,9.522807121276855469e+00,3.474166870117187500e+00,8.091084480285644531e+00,4.621644973754882812e+00,8.509673118591308594e+00,9.082663536071777344e+00,8.015832901000976562e+00,1.393895149230957031e+01,9.725046157836914062e+00,1.112929439544677734e+01,1.246124458312988281e+01
9.116056442260742188e+00,9.497748374938964844e+00,3.510562896728515625e+00,8.134255409240722656e+00,4.719825744628906250e+00,8.447909355163574219e+00,8.925317764282226562e+00,8.115235328674316406e+00,1.393501186370849609e+01,9.721945762634277344e+00,1.111143207550048828e+01,1.241054916381835938e+01
9.085374832153320312e+00,9.525361061096191406e+00,3.398318529129028320e+00,8.119878768920898438e+00,4.634517669677734375e+00,8.453779220581054688e+00,9.068203926086425781e+00,7.956467151641845703e+00,1.394596004486083984e+01,9.738959312438964844e+00,1.118044853210449219e+01,1.245596885681152344e+01
9.026400566101074219e+00,9.521297454833984375e+00,3.273324489593505859e+00,8.091940879821777344e+00,4.601807594299316406e+00,8.427884101867675781e+00,9.172469139099121094e+00,7.874141216278076172e+00,1.397813415527343750e+01,9.721695899963378906e+00,1.117016792297363281e+01,1.247284317016601562e+01
9.179552078247070312e+00,9.526511192321777344e+00,3.520370721817016602e+00,8.243412017822265625e+00,4.910659790039062500e+00,8.310440063476562500e+00,8.543957710266113281e+00,8.286598205566406250e+00,1.395679473876953125e+01,9.735208511352539062e+00,1.112351512908935547e+01,1.246936798095703125e+01
