8.524521827697753906e+00,8.029881477355957031e+00,7.786493778228759766e+00,4.401662826538085938e+00,6.777627468109130859e+00,6.545752048492431641e+00,9.038769721984863281e+00,1.241345787048339844e+01,8.953917503356933594e+00,1.004640197753906250e+01,1.100495338439941406e+01
8.600773811340332031e+00,8.048450469970703125e+00,7.795966148376464844e+00,4.462226867675781250e+00,6.550379753112792969e+00,6.421047210693359375e+00,8.878546714782714844e+00,1.249310779571533203e+01,8.931183815002441406e+00,1.004706954956054688e+01,1.101413154602050781e+01
8.409906387329101562e+00,7.919738769531250000e+00,7.590173721313476562e+00,4.110531330108642578e+00,7.065035343170166016e+00,6.213091850280761719e+00,9.266265869140625000e+00,1.231415843963623047e+01,8.875402450561523438e+00,1.000826072692871094e+01,1.092620944976806641e+01
8.563760757446289062e+00,8.008375167846679688e+00,7.723340511322021484e+00,4.369851589202880859e+00,6.682078838348388672e+00,6.360151767730712891e+00,9.222485542297363281e+00,1.242684650421142578e+01,8.911269187927246094e+00,1.003886032104492188e+01,1.097528648376464844e+01
8.573484420776367188e+00,8.008931159973144531e+00,7.728952407836914062e+00,4.364714622497558594e+00,6.631766796112060547e+00,6.317594051361083984e+00,9.197862625122070312e+00,1.244604682922363281e+01,8.915661811828613281e+00,1.004405784606933594e+01,1.097777843475341797e+01
8.660758018493652344e+00,8.081436157226562500e+00,7.728841781616210938e+00,4.455648422241210938e+00,6.352741718292236328e+00,6.176925659179687500e+00,9.129512786865234375e+00,1.253631782531738281e+01,8.869572639465332031e+00,1.002069854736328125e+01,1.096150779724121094e+01
8.577260971069335938e+00,7.978703498840332031e+00,7.727721214294433594e+00,4.327898025512695312e+00,6.670423984527587891e+00,6.351974010467529297e+00,9.303457260131835938e+00,1.239792537689208984e+01,8.927187919616699219e+00,1.003294277191162109e+01,1.095887374877929688e+01
8.591576576232910156e+00,8.014005661010742188e+00,7.728657722473144531e+00,4.391983032226562500e+00,6.520270824432373047e+00,6.242964744567871094e+00,9.142131805419921875e+00,1.247270393371582031e+01,8.917132377624511719e+00,1.004991531372070312e+01,1.099148368835449219e+01
8.683280944824218750e+00,8.059877395629882812e+00,7.798960685729980469e+00,4.493060588836669922e+00,6.445131778717041016e+00,6.295153617858886719e+00,9.231321334838867188e+00,1.251571846008300781e+01,8.968346595764160156e+00,1.007584762573242188e+01,1.103382205963134766e+01
8.562207221984863281e+00,7.876892089843750000e+00,7.631260395050048828e+00,4.036105632781982422e+00,6.950058460235595703e+00,6.316086292266845703e+00,9.758218765258789062e+00,1.225789356231689453e+01,8.920908927917480469e+00,1.001083374023437500e+01,1.087648200988769531e+01
8.367651939392089844e+00,8.077527999877929688e+00,7.609662055969238281e+00,4.089489936828613281e+00,7.175219058990478516e+00,6.055323600769042969e+00,8.193465232849121094e+00,1.246359539031982422e+01,8.801697731018066406e+00,9.943199157714843750e+00,1.095227527618408203e+01
8.383360862731933594e+00,8.021979331970214844e+00,7.647245407104492188e+00,4.041829109191894531e+00,7.188937664031982422e+00,6.255086421966552734e+00,8.362747192382812500e+00,1.237805843353271484e+01,8.827609062194824219e+00,9.933076858520507812e+00,1.090328693389892578e+01
8.394505500793457031e+00,8.077600479125976562e+00,7.574074745178222656e+00,4.194037914276123047e+00,7.133408069610595703e+00,6.081219673156738281e+00,8.438158035278320312e+00,1.245951747894287109e+01,8.758970260620117188e+00,9.932446479797363281e+00,1.093652153015136719e+01
8.411527633666992188e+00,8.135004043579101562e+00,7.625224590301513672e+00,4.411964416503906250e+00,7.170868396759033203e+00,6.183660507202148438e+00,8.425750732421875000e+00,1.253867435455322266e+01,8.818828582763671875e+00,1.001248931884765625e+01,1.107020568847656250e+01
8.393393516540527344e+00,8.048646926879882812e+00,7.603022575378417969e+00,4.158328533172607422e+00,7.238003253936767578e+00,6.126023292541503906e+00,8.415855407714843750e+00,1.244614601135253906e+01,8.807019233703613281e+00,9.957905769348144531e+00,1.096611499786376953e+01
8.378788948059082031e+00,8.008106231689453125e+00,7.609143257141113281e+00,3.942286968231201172e+00,7.313375473022460938e+00,6.196108818054199219e+00,8.203458786010742188e+00,1.235860061645507812e+01,8.800605773925781250e+00,9.900527954101562500e+00,1.087855052947998047e+01
8.398316383361816406e+00,8.097414970397949219e+00,7.625951290130615234e+00,4.275198936462402344e+00,7.230311870574951172e+00,6.173609733581542969e+00,8.298479080200195312e+00,1.249393272399902344e+01,8.820509910583496094e+00,9.981737136840820312e+00,1.102623367309570312e+01
8.381657600402832031e+00,8.079147338867187500e+00,7.667192459106445312e+00,4.211272239685058594e+00,7.196938991546630859e+00,6.211137771606445312e+00,8.276672363281250000e+00,1.246864700317382812e+01,8.857255935668945312e+00,9.984624862670898438e+00,1.100943756103515625e+01
8.416142463684082031e+00,8.134131431579589844e+00,7.681384086608886719e+00,4.377840995788574219e+00,7.150073051452636719e+00,6.239983558654785156e+00,8.271053314208984375e+00,1.253033161163330078e+01,8.859421730041503906e+00,1.001373958587646484e+01,1.107497501373291016e+01
8.430728912353515625e+00,8.099001884460449219e+00,7.640769004821777344e+00,4.295076847076416016e+00,7.184997081756591797e+00,6.208886146545410156e+00,8.310028076171875000e+00,1.248857402801513672e+01,8.816256523132324219e+00,9.977577209472656250e+00,1.101968955993652344e+01
9.489306449890136719e+00,8.374218940734863281e+00,7.760141849517822266e+00,5.764823913574218750e+00,6.232624530792236328e+00,6.304368495941162109e+00,8.196868896484375000e+00,1.313248729705810547e+01,8.878207206726074219e+00,1.039576339721679688e+01,1.176383686065673828e+01
9.572103500366210938e+00,8.473330497741699219e+00,7.918427467346191406e+00,5.752579689025878906e+00,6.031403064727783203e+00,6.551977634429931641e+00,8.197498321533203125e+00,1.312906742095947266e+01,8.918795585632324219e+00,1.034609603881835938e+01,1.167368507385253906e+01
9.557368278503417969e+00,8.441657066345214844e+00,7.859540939331054688e+00,5.928204536437988281e+00,6.252609729766845703e+00,6.398399353027343750e+00,8.145270347595214844e+00,1.318794155120849609e+01,8.995299339294433594e+00,1.048124885559082031e+01,1.191350841522216797e+01
9.551384925842285156e+00,8.248564720153808594e+00,7.717288017272949219e+00,5.686615943908691406e+00,6.407024860382080078e+00,6.298574447631835938e+00,8.437934875488281250e+00,1.308407306671142578e+01,8.865750312805175781e+00,1.038850784301757812e+01,1.173912048339843750e+01
9.572812080383300781e+00,8.473896980285644531e+00,7.874380588531494141e+00,6.081656455993652344e+00,6.489511966705322266e+00,6.294054508209228516e+00,8.124738693237304688e+00,1.325602436065673828e+01,9.085711479187011719e+00,1.055983352661132812e+01,1.208914184570312500e+01
9.567885398864746094e+00,8.324617385864257812e+00,7.725221633911132812e+00,5.627513885498046875e+00,6.221817493438720703e+00,6.304543495178222656e+00,8.475244522094726562e+00,1.308907985687255859e+01,8.814517021179199219e+00,1.033449172973632812e+01,1.163911819458007812e+01
9.670391082763671875e+00,8.290525436401367188e+00,7.689240455627441406e+00,5.782225131988525391e+00,6.322293758392333984e+00,5.868725776672363281e+00,8.593164443969726562e+00,1.318698501586914062e+01,8.913116455078125000e+00,1.049789047241210938e+01,1.190482807159423828e+01
9.611234664916992188e+00,8.301651954650878906e+00,7.703913211822509766e+00,5.878229618072509766e+00,6.423663139343261719e+00,6.015584945678710938e+00,8.474919319152832031e+00,1.321763134002685547e+01,8.966027259826660156e+00,1.056369209289550781e+01,1.200466346740722656e+01
9.562159538269042969e+00,8.384862899780273438e+00,7.560516834259033203e+00,5.844151973724365234e+00,6.629291057586669922e+00,5.158166885375976562e+00,8.537748336791992188e+00,1.330729866027832031e+01,8.967404365539550781e+00,1.061620616912841797e+01,1.216488361358642578e+01
9.581168174743652344e+00,8.418702125549316406e+00,7.834613800048828125e+00,5.963160514831542969e+00,6.394853115081787109e+00,6.196244716644287109e+00,8.206347465515136719e+00,1.321978378295898438e+01,9.018980979919433594e+00,1.050175285339355469e+01,1.198015213012695312e+01
9.346640586853027344e+00,8.153539657592773438e+00,7.698300361633300781e+00,6.143527030944824219e+00,7.200232028961181641e+00,6.043686866760253906e+00,7.809371948242187500e+00,1.304611873626708984e+01,9.141514778137207031e+00,1.052626514434814453e+01,1.221994304656982422e+01
9.329384803771972656e+00,8.068869590759277344e+00,7.681227207183837891e+00,6.136254310607910156e+00,7.190084934234619141e+00,6.021495342254638672e+00,7.819743633270263672e+00,1.303507518768310547e+01,9.148930549621582031e+00,1.055814647674560547e+01,1.223387336730957031e+01
9.281513214111328125e+00,8.154450416564941406e+00,7.574198246002197266e+00,6.081916809082031250e+00,7.018234729766845703e+00,5.951554298400878906e+00,7.821252346038818359e+00,1.312131977081298828e+01,9.048100471496582031e+00,1.059274864196777344e+01,1.221916770935058594e+01
9.260416984558105469e+00,8.021181106567382812e+00,7.508851051330566406e+00,6.071833133697509766e+00,6.903253555297851562e+00,5.872480392456054688e+00,7.846014022827148438e+00,1.304191112518310547e+01,9.011910438537597656e+00,1.059775161743164062e+01,1.219943332672119141e+01
9.117683410644531250e+00,7.904603004455566406e+00,7.283702850341796875e+00,6.071577548980712891e+00,7.008427143096923828e+00,5.553054332733154297e+00,7.751518726348876953e+00,1.294162464141845703e+01,8.891526222229003906e+00,1.054767131805419922e+01,1.218062305450439453e+01
8.834332466125488281e+00,7.975205421447753906e+00,6.928448200225830078e+00,5.955379962921142578e+00,7.109387397766113281e+00,5.116851806640625000e+00,7.667549610137939453e+00,1.316361713409423828e+01,8.714333534240722656e+00,1.074601554870605469e+01,1.231926918029785156e+01
8.912577629089355469e+00,7.800694465637207031e+00,6.946725845336914062e+00,5.968045234680175781e+00,7.093786716461181641e+00,5.316259384155273438e+00,7.679142475128173828e+00,1.292513561248779297e+01,8.680275917053222656e+00,1.058390998840332031e+01,1.216447257995605469e+01
9.000122070312500000e+00,7.927866935729980469e+00,7.127300262451171875e+00,6.001164913177490234e+00,6.890227317810058594e+00,5.464931488037109375e+00,7.693374156951904297e+00,1.298443698883056641e+01,8.771752357482910156e+00,1.059638404846191406e+01,1.217329597473144531e+01
8.878484725952148438e+00,8.069418907165527344e+00,7.068674564361572266e+00,5.776056766510009766e+00,6.667549610137939453e+00,5.454377651214599609e+00,7.569443225860595703e+00,1.308488178253173828e+01,8.660106658935546875e+00,1.060515022277832031e+01,1.208658885955810547e+01
8.978953361511230469e+00,7.910794258117675781e+00,7.114161968231201172e+00,5.899696350097656250e+00,6.885240554809570312e+00,5.455982685089111328e+00,7.702910423278808594e+00,1.301657199859619141e+01,8.760151863098144531e+00,1.061042976379394531e+01,1.214942455291748047e+01
9.162804603576660156e+00,7.918021202087402344e+00,7.429533004760742188e+00,5.765039443969726562e+00,6.773881912231445312e+00,5.749841690063476562e+00,7.748974800109863281e+00,1.289405918121337891e+01,8.888091087341308594e+00,1.041824626922607422e+01,1.193252849578857422e+01
9.317560195922851562e+00,7.819317817687988281e+00,7.437487125396728516e+00,5.734445571899414062e+00,6.732205867767333984e+00,5.677021980285644531e+00,8.016464233398437500e+00,1.290438556671142578e+01,8.870427131652832031e+00,1.043473434448242188e+01,1.192231273651123047e+01
9.249215126037597656e+00,7.983387947082519531e+00,7.585585594177246094e+00,5.756437778472900391e+00,6.527095794677734375e+00,5.893903732299804688e+00,7.741449356079101562e+00,1.288217830657958984e+01,8.921122550964355469e+00,1.035509204864501953e+01,1.183787631988525391e+01
9.254446983337402344e+00,7.972215652465820312e+00,7.400274276733398438e+00,5.617543220520019531e+00,6.581975936889648438e+00,5.556175231933593750e+00,8.029816627502441406e+00,1.299604701995849609e+01,8.792613029479980469e+00,1.040931606292724609e+01,1.184067821502685547e+01
9.315002441406250000e+00,7.916564941406250000e+00,7.381034851074218750e+00,5.556563377380371094e+00,6.663455486297607422e+00,5.938786506652832031e+00,8.211354255676269531e+00,1.292116451263427734e+01,8.717795372009277344e+00,1.035154914855957031e+01,1.172555065155029297e+01
9.395525932312011719e+00,8.081695556640625000e+00,7.557345867156982422e+00,5.678032875061035156e+00,6.444224834442138672e+00,5.854517936706542969e+00,8.128289222717285156e+00,1.305683803558349609e+01,8.857470512390136719e+00,1.043314552307128906e+01,1.183922481536865234e+01
9.367175102233886719e+00,7.927244186401367188e+00,7.396963119506835938e+00,5.293823242187500000e+00,6.394148826599121094e+00,5.802135467529296875e+00,8.471908569335937500e+00,1.289851474761962891e+01,8.641972541809082031e+00,1.024156379699707031e+01,1.149568653106689453e+01
9.409953117370605469e+00,8.001428604125976562e+00,7.580741882324218750e+00,5.353903770446777344e+00,6.438384532928466797e+00,6.053446292877197266e+00,8.484003067016601562e+00,1.297495174407958984e+01,8.780263900756835938e+00,1.030420112609863281e+01,1.155687427520751953e+01
9.371501922607421875e+00,8.113402366638183594e+00,7.511386871337890625e+00,5.408765792846679688e+00,6.453702926635742188e+00,5.907709121704101562e+00,8.408725738525390625e+00,1.304489994049072266e+01,8.724182128906250000e+00,1.029792308807373047e+01,1.158384132385253906e+01
9.258399009704589844e+00,7.903660774230957031e+00,7.462652206420898438e+00,5.261497974395751953e+00,6.636806964874267578e+00,5.970514297485351562e+00,8.498140335083007812e+00,1.286712932586669922e+01,8.733379364013671875e+00,1.025669097900390625e+01,1.151351833343505859e+01
9.214749336242675781e+00,8.369540214538574219e+00,7.599296569824218750e+00,6.556883335113525391e+00,8.131308555603027344e+00,6.681622982025146484e+00,7.907391071319580078e+00,1.293654441833496094e+01,9.072440147399902344e+00,1.051359939575195312e+01,1.237529563903808594e+01
9.358195304870605469e+00,8.612566947937011719e+00,7.738780021667480469e+00,6.737527847290039062e+00,8.198123931884765625e+00,6.754037857055664062e+00,7.998453140258789062e+00,1.322994613647460938e+01,9.220185279846191406e+00,1.069459342956542969e+01,1.260191154479980469e+01
9.723896980285644531e+00,9.002985954284667969e+00,8.108312606811523438e+00,6.953981876373291016e+00,7.650423049926757812e+00,7.056515693664550781e+00,8.159432411193847656e+00,1.350945949554443359e+01,9.389700889587402344e+00,1.076932525634765625e+01,1.266951847076416016e+01
9.654469490051269531e+00,8.781890869140625000e+00,8.047496795654296875e+00,6.784574031829833984e+00,7.605303287506103516e+00,7.249772071838378906e+00,8.130294799804687500e+00,1.321318149566650391e+01,9.275649070739746094e+00,1.060261535644531250e+01,1.244503784179687500e+01
9.747969627380371094e+00,8.880922317504882812e+00,8.081038475036621094e+00,6.871878623962402344e+00,7.572664737701416016e+00,7.151178359985351562e+00,8.192224502563476562e+00,1.336417388916015625e+01,9.311145782470703125e+00,1.067315292358398438e+01,1.253551864624023438e+01
9.618449211120605469e+00,8.740160942077636719e+00,7.928958892822265625e+00,6.774647712707519531e+00,7.666788578033447266e+00,6.888461112976074219e+00,8.181056022644042969e+00,1.330525684356689453e+01,9.255351066589355469e+00,1.067408466339111328e+01,1.253022193908691406e+01
9.824892997741699219e+00,8.983998298645019531e+00,8.185610771179199219e+00,6.932438373565673828e+00,7.369342803955078125e+00,7.166955471038818359e+00,8.158007621765136719e+00,1.343934154510498047e+01,9.372916221618652344e+00,1.070285797119140625e+01,1.256622219085693359e+01
9.728335380554199219e+00,8.876812934875488281e+00,8.098242759704589844e+00,6.832698822021484375e+00,7.474912643432617188e+00,7.208853721618652344e+00,8.179323196411132812e+00,1.334718799591064453e+01,9.322363853454589844e+00,1.067706871032714844e+01,1.251184844970703125e+01
9.685120582580566406e+00,8.841015815734863281e+00,7.955594062805175781e+00,6.736253738403320312e+00,7.518003940582275391e+00,6.924761772155761719e+00,8.321719169616699219e+00,1.340153312683105469e+01,9.236399650573730469e+00,1.069680690765380859e+01,1.249882698059082031e+01
9.630794525146484375e+00,8.690889358520507812e+00,7.954491138458251953e+00,6.679988861083984375e+00,7.453110218048095703e+00,6.998633861541748047e+00,8.238089561462402344e+00,1.321491813659667969e+01,9.226466178894042969e+00,1.062107086181640625e+01,1.241523742675781250e+01
