7.165320396423339844e+00,8.070475578308105469e+00,7.537155151367187500e+00,3.523442029953002930e+00,5.430853366851806641e+00,6.187079906463623047e+00,8.934311866760253906e+00,1.221115970611572266e+01,8.961965560913085938e+00,9.550560951232910156e+00,1.058128356933593750e+01
7.172654628753662109e+00,8.050315856933593750e+00,7.490748405456542969e+00,3.509898185729980469e+00,5.438411235809326172e+00,6.155407428741455078e+00,8.841086387634277344e+00,1.218117809295654297e+01,8.911634445190429688e+00,9.540249824523925781e+00,1.055927944183349609e+01
7.166340827941894531e+00,8.067050933837890625e+00,7.640498161315917969e+00,3.542590618133544922e+00,5.437459468841552734e+00,6.187225341796875000e+00,9.094138145446777344e+00,1.230047512054443359e+01,9.062981605529785156e+00,9.506578445434570312e+00,1.057765007019042969e+01
7.163293361663818359e+00,8.027228355407714844e+00,7.511507987976074219e+00,3.527858734130859375e+00,5.420853137969970703e+00,6.178593635559082031e+00,8.946715354919433594e+00,1.221748447418212891e+01,8.964075088500976562e+00,9.533943176269531250e+00,1.055948066711425781e+01
7.158473014831542969e+00,7.999261856079101562e+00,7.495099067687988281e+00,3.515635013580322266e+00,5.406237125396728516e+00,6.165400505065917969e+00,8.904088973999023438e+00,1.220958709716796875e+01,8.949181556701660156e+00,9.517305374145507812e+00,1.054074954986572266e+01
7.180172443389892578e+00,7.996435165405273438e+00,7.479528427124023438e+00,3.503718376159667969e+00,5.445171356201171875e+00,6.151137828826904297e+00,8.848517417907714844e+00,1.219609355926513672e+01,8.903630256652832031e+00,9.487780570983886719e+00,1.052685928344726562e+01
7.128029346466064453e+00,7.994796752929687500e+00,7.453103065490722656e+00,3.483091354370117188e+00,5.396353244781494141e+00,6.130807876586914062e+00,8.827537536621093750e+00,1.214169502258300781e+01,8.895208358764648438e+00,9.490565299987792969e+00,1.050894546508789062e+01
7.155044555664062500e+00,8.000741004943847656e+00,7.462638854980468750e+00,3.495793342590332031e+00,5.427464962005615234e+00,6.140269756317138672e+00,8.904049873352050781e+00,1.218127727508544922e+01,8.913211822509765625e+00,9.509873390197753906e+00,1.053221893310546875e+01
7.231639862060546875e+00,8.006906509399414062e+00,7.505326271057128906e+00,3.534482002258300781e+00,5.459410190582275391e+00,6.073847293853759766e+00,8.828912734985351562e+00,1.212024402618408203e+01,8.849442481994628906e+00,9.524755477905273438e+00,1.055251693725585938e+01
7.097717761993408203e+00,7.934224128723144531e+00,7.423799514770507812e+00,3.408908367156982422e+00,5.355325222015380859e+00,6.073901653289794922e+00,8.741655349731445312e+00,1.209006023406982422e+01,8.894678115844726562e+00,9.441956520080566406e+00,1.046373081207275391e+01
7.611522197723388672e+00,8.948684692382812500e+00,7.811463356018066406e+00,3.874539613723754883e+00,8.018243789672851562e+00,6.663536548614501953e+00,9.078080177307128906e+00,1.256618404388427734e+01,9.283823013305664062e+00,9.699521064758300781e+00,1.090965461730957031e+01
7.570813655853271484e+00,8.910489082336425781e+00,7.844310760498046875e+00,3.866131067276000977e+00,7.736134529113769531e+00,6.709474086761474609e+00,9.140859603881835938e+00,1.257193279266357422e+01,9.321591377258300781e+00,9.721945762634277344e+00,1.094946289062500000e+01
7.609534740447998047e+00,8.808287620544433594e+00,7.807358741760253906e+00,3.862315654754638672e+00,7.825702190399169922e+00,6.597136497497558594e+00,9.169532775878906250e+00,1.256790065765380859e+01,9.266404151916503906e+00,9.692625045776367188e+00,1.087290382385253906e+01
7.620977878570556641e+00,8.717606544494628906e+00,7.786719322204589844e+00,3.840911865234375000e+00,7.762016773223876953e+00,6.523319721221923828e+00,9.157910346984863281e+00,1.254934597015380859e+01,9.230002403259277344e+00,9.693213462829589844e+00,1.084960174560546875e+01
7.607771873474121094e+00,8.855099678039550781e+00,7.824798583984375000e+00,3.871937274932861328e+00,7.900452136993408203e+00,6.631837844848632812e+00,9.143139839172363281e+00,1.256672668457031250e+01,9.276087760925292969e+00,9.696702003479003906e+00,1.088847732543945312e+01
7.596807003021240234e+00,9.003434181213378906e+00,7.807577133178710938e+00,3.873198270797729492e+00,8.049969673156738281e+00,6.707872390747070312e+00,9.056449890136718750e+00,1.255751323699951172e+01,9.296549797058105469e+00,9.703261375427246094e+00,1.093508529663085938e+01
7.623665809631347656e+00,8.848712921142578125e+00,7.782614707946777344e+00,3.859656095504760742e+00,8.015071868896484375e+00,6.583262443542480469e+00,9.124892234802246094e+00,1.255498790740966797e+01,9.243055343627929688e+00,9.682440757751464844e+00,1.086180210113525391e+01
7.603348255157470703e+00,8.874296188354492188e+00,7.825085639953613281e+00,3.880282402038574219e+00,7.877205371856689453e+00,6.645852088928222656e+00,9.138011932373046875e+00,1.257264137268066406e+01,9.277248382568359375e+00,9.697216987609863281e+00,1.090163803100585938e+01
7.627696514129638672e+00,8.813035011291503906e+00,7.785475730895996094e+00,3.862400293350219727e+00,7.939097881317138672e+00,6.576476097106933594e+00,9.144432067871093750e+00,1.256411075592041016e+01,9.242774963378906250e+00,9.692300796508789062e+00,1.086496353149414062e+01
7.639052867889404297e+00,8.827860832214355469e+00,7.786548614501953125e+00,3.853717803955078125e+00,7.989653587341308594e+00,6.566082954406738281e+00,9.102700233459472656e+00,1.253570938110351562e+01,9.232249259948730469e+00,9.699233055114746094e+00,1.086978912353515625e+01
8.255842208862304688e+00,7.747329711914062500e+00,4.500205039978027344e+00,4.926547050476074219e+00,7.126807689666748047e+00,3.377277135848999023e+00,7.605120658874511719e+00,8.158523559570312500e+00,7.222200870513916016e+00,9.317344665527343750e+00,1.136217403411865234e+01
8.087472915649414062e+00,7.915765762329101562e+00,4.122615337371826172e+00,5.202414512634277344e+00,7.032855987548828125e+00,3.576521635055541992e+00,8.518987655639648438e+00,6.898506641387939453e+00,6.966436386108398438e+00,9.261843681335449219e+00,1.134942245483398438e+01
8.061423301696777344e+00,7.933911323547363281e+00,4.122745513916015625e+00,5.215095520019531250e+00,6.983864307403564453e+00,3.641509294509887695e+00,8.532918930053710938e+00,6.875966548919677734e+00,6.914855003356933594e+00,9.258601188659667969e+00,1.129887962341308594e+01
8.086781501770019531e+00,7.542670249938964844e+00,4.269079208374023438e+00,5.126812934875488281e+00,6.839019775390625000e+00,3.629575252532958984e+00,8.347622871398925781e+00,7.110091686248779297e+00,7.036230564117431641e+00,9.063939094543457031e+00,1.120243263244628906e+01
8.010475158691406250e+00,7.929958343505859375e+00,4.085628509521484375e+00,5.203783988952636719e+00,6.987220764160156250e+00,3.594916582107543945e+00,8.381541252136230469e+00,6.878794193267822266e+00,6.867172241210937500e+00,9.238806724548339844e+00,1.126434803009033203e+01
8.023941040039062500e+00,7.907626628875732422e+00,4.104491233825683594e+00,5.133932113647460938e+00,6.969139575958251953e+00,3.632080078125000000e+00,8.469636917114257812e+00,6.858263969421386719e+00,6.873495101928710938e+00,9.187532424926757812e+00,1.121829891204833984e+01
8.094465255737304688e+00,7.755092144012451172e+00,4.154734611511230469e+00,5.122784137725830078e+00,6.942827701568603516e+00,3.510149955749511719e+00,8.441972732543945312e+00,6.982347965240478516e+00,6.984422683715820312e+00,9.190201759338378906e+00,1.127409744262695312e+01
9.109528541564941406e+00,8.092476844787597656e+00,7.223703384399414062e+00,3.932394504547119141e+00,8.552693367004394531e+00,5.717719078063964844e+00,9.545046806335449219e+00,1.122805500030517578e+01,8.575705528259277344e+00,1.012010383605957031e+01,1.197325134277343750e+01
8.053621292114257812e+00,7.737062454223632812e+00,4.102198600769042969e+00,5.023542404174804688e+00,7.047829151153564453e+00,3.565310955047607422e+00,8.484124183654785156e+00,6.807874202728271484e+00,6.924484252929687500e+00,9.111325263977050781e+00,1.126080703735351562e+01
7.998002052307128906e+00,7.636786460876464844e+00,4.040413856506347656e+00,4.949937820434570312e+00,6.914832592010498047e+00,3.425280809402465820e+00,8.281454086303710938e+00,6.871088504791259766e+00,6.877678871154785156e+00,8.989798545837402344e+00,1.111551570892333984e+01
9.028819084167480469e+00,9.310236930847167969e+00,8.743638992309570312e+00,6.464904785156250000e+00,7.702903747558593750e+00,8.241279602050781250e+00,7.573133468627929688e+00,1.259199810028076172e+01,9.712448120117187500e+00,1.139967441558837891e+01,1.309249877929687500e+01
9.012684822082519531e+00,9.271090507507324219e+00,8.750477790832519531e+00,6.455726146697998047e+00,7.672747611999511719e+00,8.203386306762695312e+00,7.566522598266601562e+00,1.257144832611083984e+01,9.718406677246093750e+00,1.134346294403076172e+01,1.303123188018798828e+01
8.968413352966308594e+00,9.221560478210449219e+00,8.741464614868164062e+00,6.454339981079101562e+00,7.674913883209228516e+00,8.156954765319824219e+00,7.561486244201660156e+00,1.251707744598388672e+01,9.698618888854980469e+00,1.132250308990478516e+01,1.300324821472167969e+01
8.979220390319824219e+00,9.185563087463378906e+00,8.739743232727050781e+00,6.441035270690917969e+00,7.631178379058837891e+00,8.104891777038574219e+00,7.559238433837890625e+00,1.251651573181152344e+01,9.697319984436035156e+00,1.130065631866455078e+01,1.296970272064208984e+01
8.982244491577148438e+00,9.190321922302246094e+00,8.736653327941894531e+00,6.448678493499755859e+00,7.662925720214843750e+00,8.137475967407226562e+00,7.592358112335205078e+00,1.252657604217529297e+01,9.696030616760253906e+00,1.129361820220947266e+01,1.296878814697265625e+01
8.985016822814941406e+00,9.195214271545410156e+00,8.735402107238769531e+00,6.444699764251708984e+00,7.647224903106689453e+00,8.131823539733886719e+00,7.553073883056640625e+00,1.251973247528076172e+01,9.686255455017089844e+00,1.134484195709228516e+01,1.300605773925781250e+01
8.966889381408691406e+00,9.153160095214843750e+00,8.748778343200683594e+00,6.437183856964111328e+00,7.662391185760498047e+00,8.127871513366699219e+00,7.575030326843261719e+00,1.250941944122314453e+01,9.694571495056152344e+00,1.128898525238037109e+01,1.294950199127197266e+01
8.952002525329589844e+00,9.192730903625488281e+00,8.756115913391113281e+00,6.435982704162597656e+00,7.736107349395751953e+00,8.188102722167968750e+00,7.574562072753906250e+00,1.249281597137451172e+01,9.674695968627929688e+00,1.132790470123291016e+01,1.298281478881835938e+01
8.987538337707519531e+00,9.169832229614257812e+00,8.755219459533691406e+00,6.431316852569580078e+00,7.729538440704345703e+00,8.209084510803222656e+00,7.612165927886962891e+00,1.253567600250244141e+01,9.683034896850585938e+00,1.132243156433105469e+01,1.296570014953613281e+01
8.947638511657714844e+00,9.132904052734375000e+00,8.748839378356933594e+00,6.438622474670410156e+00,7.666318893432617188e+00,8.097984313964843750e+00,7.549185276031494141e+00,1.247100067138671875e+01,9.666092872619628906e+00,1.128021907806396484e+01,1.293430900573730469e+01
7.825921535491943359e+00,7.262831687927246094e+00,7.811897277832031250e+00,7.307472229003906250e+00,7.138992786407470703e+00,5.348000526428222656e+00,6.488960742950439453e+00,1.241224479675292969e+01,9.844826698303222656e+00,9.486528396606445312e+00,1.064009475708007812e+01
7.858099937438964844e+00,7.328289031982421875e+00,7.800745964050292969e+00,7.217407226562500000e+00,7.037887096405029297e+00,5.299432754516601562e+00,6.465350151062011719e+00,1.237260150909423828e+01,9.809571266174316406e+00,9.487289428710937500e+00,1.062054157257080078e+01
7.853311061859130859e+00,7.175514221191406250e+00,7.794238090515136719e+00,7.323000907897949219e+00,7.128438472747802734e+00,5.370805740356445312e+00,6.541567802429199219e+00,1.237262058258056641e+01,9.899845123291015625e+00,9.528864860534667969e+00,1.063155460357666016e+01
7.832015514373779297e+00,7.325567245483398438e+00,7.647466659545898438e+00,7.076420783996582031e+00,6.931997299194335938e+00,5.170794963836669922e+00,6.562523365020751953e+00,1.233477687835693359e+01,9.637185096740722656e+00,9.413773536682128906e+00,1.051907730102539062e+01
7.816882610321044922e+00,7.076458930969238281e+00,7.723033905029296875e+00,7.216202735900878906e+00,7.134608268737792969e+00,5.333192825317382812e+00,6.625298023223876953e+00,1.238920879364013672e+01,9.780790328979492188e+00,9.479351043701171875e+00,1.058401775360107422e+01
7.877351284027099609e+00,7.408156871795654297e+00,7.601848602294921875e+00,6.945154190063476562e+00,6.802649974822998047e+00,4.979171752929687500e+00,6.544979095458984375e+00,1.231170940399169922e+01,9.564772605895996094e+00,9.417660713195800781e+00,1.046444511413574219e+01
7.843421459197998047e+00,7.344578266143798828e+00,7.535526275634765625e+00,6.782338142395019531e+00,6.755997180938720703e+00,4.991731643676757812e+00,6.555684089660644531e+00,1.218485069274902344e+01,9.511894226074218750e+00,9.385855674743652344e+00,1.039656829833984375e+01
7.842213630676269531e+00,7.318480014801025391e+00,7.550394058227539062e+00,6.888685226440429688e+00,6.793805599212646484e+00,5.047674655914306641e+00,6.599158763885498047e+00,1.221570873260498047e+01,9.557608604431152344e+00,9.414875984191894531e+00,1.042379570007324219e+01
8.422783851623535156e+00,7.893234252929687500e+00,7.340374946594238281e+00,6.554494857788085938e+00,6.617816925048828125e+00,4.700907707214355469e+00,7.434391021728515625e+00,1.248098945617675781e+01,9.136977195739746094e+00,9.676183700561523438e+00,1.082254981994628906e+01
7.832071781158447266e+00,7.138219356536865234e+00,7.711080551147460938e+00,7.185749053955078125e+00,7.061075687408447266e+00,5.323693275451660156e+00,6.584094047546386719e+00,1.235237312316894531e+01,9.763875961303710938e+00,9.464701652526855469e+00,1.054341125488281250e+01
7.695693492889404297e+00,6.432569026947021484e+00,7.438465118408203125e+00,6.906845569610595703e+00,7.461240768432617188e+00,5.138674736022949219e+00,6.886987686157226562e+00,1.260178089141845703e+01,9.786468505859375000e+00,9.623144149780273438e+00,1.072305011749267578e+01
7.694120883941650391e+00,6.415206909179687500e+00,7.537837028503417969e+00,6.929629802703857422e+00,7.466929435729980469e+00,5.148443222045898438e+00,6.859658241271972656e+00,1.261246681213378906e+01,9.855111122131347656e+00,9.689772605895996094e+00,1.082891464233398438e+01
7.697979450225830078e+00,6.307602882385253906e+00,7.384752273559570312e+00,6.775722026824951172e+00,7.395480155944824219e+00,5.024184226989746094e+00,6.717767238616943359e+00,1.254208278656005859e+01,9.802495002746582031e+00,9.569209098815917969e+00,1.070652866363525391e+01
7.702624797821044922e+00,6.327319145202636719e+00,7.496269226074218750e+00,6.864810943603515625e+00,7.305218219757080078e+00,5.059020042419433594e+00,6.699463844299316406e+00,1.251868915557861328e+01,9.869839668273925781e+00,9.585541725158691406e+00,1.072517204284667969e+01
7.753896236419677734e+00,6.192735671997070312e+00,7.320751190185546875e+00,6.626718044281005859e+00,7.325968265533447266e+00,4.905266284942626953e+00,6.703494071960449219e+00,1.244712638854980469e+01,9.802184104919433594e+00,9.565740585327148438e+00,1.066768074035644531e+01
7.639914989471435547e+00,6.085809230804443359e+00,7.137353897094726562e+00,6.461076736450195312e+00,7.242578983306884766e+00,4.925079822540283203e+00,6.586830139160156250e+00,1.236685276031494141e+01,9.600615501403808594e+00,9.420540809631347656e+00,1.053081226348876953e+01
7.672915935516357422e+00,6.110224723815917969e+00,7.240796089172363281e+00,6.537577152252197266e+00,7.315837860107421875e+00,4.938117980957031250e+00,6.597043991088867188e+00,1.234985637664794922e+01,9.771038055419921875e+00,9.456206321716308594e+00,1.058293724060058594e+01
7.702492237091064453e+00,6.113340377807617188e+00,7.226469039916992188e+00,6.520477771759033203e+00,7.290493965148925781e+00,4.914708614349365234e+00,6.590012073516845703e+00,1.233139133453369141e+01,9.784394264221191406e+00,9.445710182189941406e+00,1.054672813415527344e+01
7.674129486083984375e+00,6.065198421478271484e+00,6.994664192199707031e+00,6.366260528564453125e+00,7.142389774322509766e+00,4.825967788696289062e+00,6.534530639648437500e+00,1.229955387115478516e+01,9.532726287841796875e+00,9.335674285888671875e+00,1.042797851562500000e+01
7.700994968414306641e+00,6.193169116973876953e+00,7.238880157470703125e+00,6.598479270935058594e+00,7.283441066741943359e+00,4.954062461853027344e+00,6.582362651824951172e+00,1.240987300872802734e+01,9.760727882385253906e+00,9.462496757507324219e+00,1.055890655517578125e+01
7.620656490325927734e+00,6.772579669952392578e+00,7.250012397766113281e+00,7.023067951202392578e+00,7.168645381927490234e+00,5.164556503295898438e+00,6.584196567535400391e+00,1.250298881530761719e+01,9.493622779846191406e+00,9.225903511047363281e+00,1.041325569152832031e+01
7.541905403137207031e+00,6.392395496368408203e+00,6.893276214599609375e+00,6.464019775390625000e+00,6.836731433868408203e+00,4.734632492065429688e+00,6.652576923370361328e+00,1.225177288055419922e+01,9.122584342956542969e+00,9.024191856384277344e+00,1.016026306152343750e+01
7.697499275207519531e+00,6.612324714660644531e+00,7.233532905578613281e+00,6.812248706817626953e+00,7.268052101135253906e+00,5.039094448089599609e+00,6.533712387084960938e+00,1.249106121063232422e+01,9.525382041931152344e+00,9.248189926147460938e+00,1.045031261444091797e+01
7.558986186981201172e+00,6.471596240997314453e+00,6.580247879028320312e+00,5.989686965942382812e+00,6.647399425506591797e+00,4.353558540344238281e+00,6.459292411804199219e+00,1.208557415008544922e+01,8.799729347229003906e+00,8.956015586853027344e+00,1.002555465698242188e+01
7.506325244903564453e+00,6.478568077087402344e+00,6.793491363525390625e+00,6.245435237884521484e+00,6.570065975189208984e+00,4.575365066528320312e+00,6.456939697265625000e+00,1.211747169494628906e+01,8.950613021850585938e+00,8.930578231811523438e+00,9.999382972717285156e+00
7.571971893310546875e+00,6.651944160461425781e+00,7.067819595336914062e+00,6.523630142211914062e+00,6.731584072113037109e+00,4.947422504425048828e+00,6.473580360412597656e+00,1.216838169097900391e+01,9.155907630920410156e+00,9.047318458557128906e+00,1.012987232208251953e+01
7.570707798004150391e+00,6.783564090728759766e+00,6.755373954772949219e+00,6.130234718322753906e+00,6.563322544097900391e+00,4.410224437713623047e+00,6.401082038879394531e+00,1.202238655090332031e+01,8.895576477050781250e+00,8.987170219421386719e+00,1.005903339385986328e+01
7.571765422821044922e+00,6.785418510437011719e+00,6.991499900817871094e+00,6.272649765014648438e+00,6.615936756134033203e+00,4.792546272277832031e+00,6.449243068695068359e+00,1.210655021667480469e+01,9.053318023681640625e+00,9.030138015747070312e+00,1.008114242553710938e+01
7.570641994476318359e+00,6.749563217163085938e+00,6.878823280334472656e+00,6.080576419830322266e+00,6.514194488525390625e+00,4.613631248474121094e+00,6.340894222259521484e+00,1.203211498260498047e+01,8.916429519653320312e+00,8.987164497375488281e+00,9.998374938964843750e+00
7.542038440704345703e+00,6.760769844055175781e+00,6.610884666442871094e+00,5.906729221343994141e+00,6.552067279815673828e+00,4.382890701293945312e+00,6.515574455261230469e+00,1.197307682037353516e+01,8.732189178466796875e+00,8.988621711730957031e+00,1.008628463745117188e+01
8.046636581420898438e+00,8.068110466003417969e+00,7.411098480224609375e+00,6.883165359497070312e+00,7.787417411804199219e+00,4.888709545135498047e+00,7.522953033447265625e+00,1.303876209259033203e+01,8.700015068054199219e+00,9.850388526916503906e+00,1.102176189422607422e+01
8.008716583251953125e+00,8.077005386352539062e+00,7.401289939880371094e+00,6.920950889587402344e+00,7.763210773468017578e+00,4.909699440002441406e+00,7.423432350158691406e+00,1.302494525909423828e+01,8.677260398864746094e+00,9.757384300231933594e+00,1.101734352111816406e+01
8.026604652404785156e+00,7.994463920593261719e+00,7.442449569702148438e+00,6.911809444427490234e+00,7.702323913574218750e+00,4.997189521789550781e+00,7.435888290405273438e+00,1.296648311614990234e+01,8.738361358642578125e+00,9.709165573120117188e+00,1.092737388610839844e+01
8.016618728637695312e+00,8.005820274353027344e+00,7.425152778625488281e+00,6.930203437805175781e+00,7.715248584747314453e+00,4.977361679077148438e+00,7.437144279479980469e+00,1.297278308868408203e+01,8.710375785827636719e+00,9.705632209777832031e+00,1.093077278137207031e+01
8.041803359985351562e+00,7.974626541137695312e+00,7.412803649902343750e+00,6.893956661224365234e+00,7.682132720947265625e+00,4.998311996459960938e+00,7.441052436828613281e+00,1.294171047210693359e+01,8.698629379272460938e+00,9.685445785522460938e+00,1.090575027465820312e+01
8.003017425537109375e+00,8.005050659179687500e+00,7.415916442871093750e+00,6.936923027038574219e+00,7.700977325439453125e+00,4.937631607055664062e+00,7.413087844848632812e+00,1.297131443023681641e+01,8.718682289123535156e+00,9.692908287048339844e+00,1.092654800415039062e+01
8.040033340454101562e+00,7.935041427612304688e+00,7.427342414855957031e+00,6.863185882568359375e+00,7.668142318725585938e+00,4.999986648559570312e+00,7.429355144500732422e+00,1.293063640594482422e+01,8.723419189453125000e+00,9.698623657226562500e+00,1.088798332214355469e+01
8.007445335388183594e+00,7.947687149047851562e+00,7.432549476623535156e+00,6.914897918701171875e+00,7.659982204437255859e+00,5.043374538421630859e+00,7.440036773681640625e+00,1.292749786376953125e+01,8.756315231323242188e+00,9.679503440856933594e+00,1.088879394531250000e+01
7.989624500274658203e+00,7.950952529907226562e+00,7.411422729492187500e+00,6.928177833557128906e+00,7.661594390869140625e+00,4.959071159362792969e+00,7.383625030517578125e+00,1.291425228118896484e+01,8.694799423217773438e+00,9.678400039672851562e+00,1.089764595031738281e+01
7.975905418395996094e+00,7.930421829223632812e+00,7.421477317810058594e+00,6.936145305633544922e+00,7.651503562927246094e+00,4.995968818664550781e+00,7.401926517486572266e+00,1.291251277923583984e+01,8.763229370117187500e+00,9.681530952453613281e+00,1.087713050842285156e+01
9.098380088806152344e+00,6.900791168212890625e+00,7.214604377746582031e+00,5.196270465850830078e+00,6.929604053497314453e+00,5.714979648590087891e+00,1.018420124053955078e+01,1.295085620880126953e+01,8.253072738647460938e+00,1.163875770568847656e+01,1.177824497222900391e+01
9.190051078796386719e+00,6.920726776123046875e+00,7.258606910705566406e+00,5.223077774047851562e+00,6.990831375122070312e+00,5.797644138336181641e+00,1.030357933044433594e+01,1.301050662994384766e+01,8.319986343383789062e+00,1.165448188781738281e+01,1.179023170471191406e+01
9.128338813781738281e+00,6.910512447357177734e+00,7.259015083312988281e+00,5.243721485137939453e+00,6.987030029296875000e+00,5.782122135162353516e+00,1.021857070922851562e+01,1.296637916564941406e+01,8.326037406921386719e+00,1.168358325958251953e+01,1.183020496368408203e+01
9.099164009094238281e+00,6.835764884948730469e+00,7.109283447265625000e+00,5.046257972717285156e+00,6.809115886688232422e+00,5.615554332733154297e+00,9.946496009826660156e+00,1.282933902740478516e+01,8.206055641174316406e+00,1.149707221984863281e+01,1.173661994934082031e+01
9.098175048828125000e+00,6.809697151184082031e+00,7.122899055480957031e+00,5.100574970245361328e+00,6.796086311340332031e+00,5.647414684295654297e+00,1.006673717498779297e+01,1.286179542541503906e+01,8.193745613098144531e+00,1.143372058868408203e+01,1.162881851196289062e+01
9.129374504089355469e+00,6.854627609252929688e+00,7.229063034057617188e+00,5.171653747558593750e+00,6.938992977142333984e+00,5.680893898010253906e+00,1.020908832550048828e+01,1.290682506561279297e+01,8.277732849121093750e+00,1.162394809722900391e+01,1.176983070373535156e+01
9.088556289672851562e+00,6.841770648956298828e+00,7.188551902770996094e+00,5.126839637756347656e+00,6.928534984588623047e+00,5.653974533081054688e+00,1.010554885864257812e+01,1.289247608184814453e+01,8.207794189453125000e+00,1.158782672882080078e+01,1.174874496459960938e+01
9.098641395568847656e+00,6.849049091339111328e+00,7.194810867309570312e+00,5.092484951019287109e+00,6.886091232299804688e+00,5.661366939544677734e+00,1.014022827148437500e+01,1.289523029327392578e+01,8.217648506164550781e+00,1.156804943084716797e+01,1.170562076568603516e+01
9.089442253112792969e+00,6.825976371765136719e+00,7.143692016601562500e+00,5.110268592834472656e+00,6.884612560272216797e+00,5.636893749237060547e+00,1.011055755615234375e+01,1.287124729156494141e+01,8.218971252441406250e+00,1.157832622528076172e+01,1.175653934478759766e+01
9.119477272033691406e+00,6.824834823608398438e+00,7.180129051208496094e+00,5.036159515380859375e+00,6.872498035430908203e+00,5.613227844238281250e+00,1.009327602386474609e+01,1.284584045410156250e+01,8.205804824829101562e+00,1.152385044097900391e+01,1.169170188903808594e+01
