7.151751041412353516e+00,8.026041030883789062e+00,1.461498975753784180e+00,7.447022914886474609e+00,3.461252927780151367e+00,5.435706138610839844e+00,6.161433219909667969e+00,8.774474143981933594e+00,1.227705764770507812e+01,9.008437156677246094e+00,9.481941223144531250e+00,1.060078907012939453e+01
7.144780635833740234e+00,7.991312980651855469e+00,1.600874185562133789e+00,7.417222023010253906e+00,3.451300144195556641e+00,5.465142250061035156e+00,6.147301673889160156e+00,8.691216468811035156e+00,1.225833892822265625e+01,8.963836669921875000e+00,9.490269660949707031e+00,1.059783935546875000e+01
7.097455501556396484e+00,8.132591247558593750e+00,1.141651511192321777e+00,7.617903709411621094e+00,3.612508773803710938e+00,5.313116073608398438e+00,6.256380081176757812e+00,9.161997795104980469e+00,1.229345130920410156e+01,9.153745651245117188e+00,9.450659751892089844e+00,1.059290218353271484e+01
7.055196285247802734e+00,8.074937820434570312e+00,1.313179135322570801e+00,7.617673873901367188e+00,3.624396562576293945e+00,5.325776100158691406e+00,6.212344169616699219e+00,9.133587837219238281e+00,1.232718944549560547e+01,9.155204772949218750e+00,9.495828628540039062e+00,1.058162879943847656e+01
7.126119136810302734e+00,8.011117935180664062e+00,1.553745746612548828e+00,7.416336059570312500e+00,3.434962749481201172e+00,5.453722953796386719e+00,6.148529052734375000e+00,8.706350326538085938e+00,1.224460887908935547e+01,8.965598106384277344e+00,9.469388961791992188e+00,1.058191108703613281e+01
7.054719448089599609e+00,7.987063407897949219e+00,1.884572029113769531e+00,7.428681850433349609e+00,3.480968713760375977e+00,5.396280288696289062e+00,6.102750301361083984e+00,8.636024475097656250e+00,1.227975845336914062e+01,8.949876785278320312e+00,9.510098457336425781e+00,1.059897518157958984e+01
7.119201183319091797e+00,8.018033027648925781e+00,1.441646456718444824e+00,7.387577056884765625e+00,3.378889560699462891e+00,5.470743179321289062e+00,6.182403564453125000e+00,8.733275413513183594e+00,1.218957614898681641e+01,8.941720008850097656e+00,9.441863059997558594e+00,1.055451202392578125e+01
7.173972606658935547e+00,8.059897422790527344e+00,1.396581172943115234e+00,7.453593730926513672e+00,3.465226888656616211e+00,5.520201683044433594e+00,6.258647441864013672e+00,9.022219657897949219e+00,1.219647502899169922e+01,9.028835296630859375e+00,9.476300239562988281e+00,1.062614250183105469e+01
7.307271003723144531e+00,8.119777679443359375e+00,1.286024689674377441e+00,7.524456977844238281e+00,3.500443935394287109e+00,5.584477424621582031e+00,6.258576393127441406e+00,9.181302070617675781e+00,1.222159767150878906e+01,9.082290649414062500e+00,9.548933029174804688e+00,1.065067291259765625e+01
7.159370422363281250e+00,8.075730323791503906e+00,1.218739151954650879e+00,7.342862606048583984e+00,3.311165094375610352e+00,5.485147476196289062e+00,6.142713546752929688e+00,8.645499229431152344e+00,1.213495635986328125e+01,8.881342887878417969e+00,9.397752761840820312e+00,1.054425907135009766e+01
7.633476257324218750e+00,8.912731170654296875e+00,2.162190437316894531e+00,7.803792953491210938e+00,3.909389257431030273e+00,7.933346748352050781e+00,6.671157360076904297e+00,8.957215309143066406e+00,1.253624916076660156e+01,9.202659606933593750e+00,9.735248565673828125e+00,1.090073013305664062e+01
7.621326923370361328e+00,8.998473167419433594e+00,2.278462648391723633e+00,7.892580509185791016e+00,4.035238265991210938e+00,7.894392967224121094e+00,6.710943222045898438e+00,9.093824386596679688e+00,1.259784317016601562e+01,9.252851486206054688e+00,9.759267807006835938e+00,1.091538047790527344e+01
7.643723487854003906e+00,8.855919837951660156e+00,2.175055265426635742e+00,7.755695819854736328e+00,3.845457077026367188e+00,7.992230415344238281e+00,6.619749546051025391e+00,8.908571243286132812e+00,1.250116062164306641e+01,9.225166320800781250e+00,9.725470542907714844e+00,1.087330627441406250e+01
7.666572093963623047e+00,8.822290420532226562e+00,2.217820644378662109e+00,7.749319553375244141e+00,3.821972370147705078e+00,8.007512092590332031e+00,6.629081726074218750e+00,8.952345848083496094e+00,1.250494098663330078e+01,9.214015960693359375e+00,9.720477104187011719e+00,1.086397457122802734e+01
7.650058269500732422e+00,8.899830818176269531e+00,2.205064058303833008e+00,7.758262157440185547e+00,3.856096029281616211e+00,8.000811576843261719e+00,6.638850212097167969e+00,8.889870643615722656e+00,1.251307487487792969e+01,9.217911720275878906e+00,9.721929550170898438e+00,1.087362575531005859e+01
7.631891727447509766e+00,8.983210563659667969e+00,2.199847698211669922e+00,7.755150794982910156e+00,3.855958223342895508e+00,8.026890754699707031e+00,6.665102481842041016e+00,8.905486106872558594e+00,1.254666137695312500e+01,9.226067543029785156e+00,9.726643562316894531e+00,1.089712333679199219e+01
7.625098705291748047e+00,8.867568969726562500e+00,2.147702693939208984e+00,7.760420322418212891e+00,3.855325460433959961e+00,7.932448387145996094e+00,6.666357994079589844e+00,8.947921752929687500e+00,1.250203990936279297e+01,9.200275421142578125e+00,9.709601402282714844e+00,1.088047218322753906e+01
7.620316982269287109e+00,8.895913124084472656e+00,2.134522438049316406e+00,7.754088401794433594e+00,3.856035947799682617e+00,7.960691452026367188e+00,6.660162925720214844e+00,8.929899215698242188e+00,1.250583267211914062e+01,9.214845657348632812e+00,9.711744308471679688e+00,1.087110805511474609e+01
7.637602329254150391e+00,8.845076560974121094e+00,2.173759222030639648e+00,7.747649669647216797e+00,3.838580846786499023e+00,7.971533775329589844e+00,6.649649620056152344e+00,8.929163932800292969e+00,1.249310493469238281e+01,9.212634086608886719e+00,9.705217361450195312e+00,1.086192893981933594e+01
7.630649566650390625e+00,8.915123939514160156e+00,2.206229448318481445e+00,7.795369625091552734e+00,3.872532367706298828e+00,7.922288894653320312e+00,6.689339160919189453e+00,8.983256340026855469e+00,1.252299499511718750e+01,9.190200805664062500e+00,9.717535018920898438e+00,1.090316963195800781e+01
7.919085025787353516e+00,7.513525485992431641e+00,1.596738815307617188e+00,4.199423789978027344e+00,4.848909378051757812e+00,7.062416076660156250e+00,3.485161066055297852e+00,8.097643852233886719e+00,7.440004348754882812e+00,6.860629558563232422e+00,8.850872039794921875e+00,1.098746585845947266e+01
7.907309055328369141e+00,7.696515083312988281e+00,1.591416120529174805e+00,4.244901180267333984e+00,5.301788330078125000e+00,6.941783905029296875e+00,3.641125917434692383e+00,8.384162902832031250e+00,7.044342517852783203e+00,6.980596542358398438e+00,9.106290817260742188e+00,1.122808837890625000e+01
7.881634712219238281e+00,7.781247138977050781e+00,1.290075302124023438e+00,4.219388008117675781e+00,5.417747497558593750e+00,6.948505401611328125e+00,3.648298501968383789e+00,8.460766792297363281e+00,6.873200893402099609e+00,6.902263164520263672e+00,9.162385940551757812e+00,1.121089553833007812e+01
8.020956039428710938e+00,7.623074531555175781e+00,1.470083355903625488e+00,4.309364318847656250e+00,5.236213684082031250e+00,7.059267044067382812e+00,3.616961479187011719e+00,8.449476242065429688e+00,7.241496562957763672e+00,6.920354843139648438e+00,9.101160049438476562e+00,1.125818443298339844e+01
7.828844547271728516e+00,7.857774734497070312e+00,1.170996427536010742e+00,4.164047718048095703e+00,5.452212333679199219e+00,6.910256385803222656e+00,3.670249938964843750e+00,8.406988143920898438e+00,6.840847969055175781e+00,6.811948299407958984e+00,9.222292900085449219e+00,1.117108535766601562e+01
7.909387588500976562e+00,7.791517734527587891e+00,1.278574347496032715e+00,4.192954063415527344e+00,5.383567810058593750e+00,6.927734375000000000e+00,3.682236433029174805e+00,8.462792396545410156e+00,6.953022956848144531e+00,6.876721858978271484e+00,9.122420310974121094e+00,1.114894485473632812e+01
8.053205490112304688e+00,7.632699966430664062e+00,1.237271666526794434e+00,4.293740272521972656e+00,5.417153358459472656e+00,7.139020919799804688e+00,3.609083652496337891e+00,8.595087051391601562e+00,7.127045631408691406e+00,6.963995456695556641e+00,9.178385734558105469e+00,1.130266380310058594e+01
8.689850807189941406e+00,7.772425651550292969e+00,2.100679636001586914e+00,6.223921298980712891e+00,3.944116592407226562e+00,7.361652374267578125e+00,4.761813163757324219e+00,8.870903968811035156e+00,1.028745460510253906e+01,8.187756538391113281e+00,9.926711082458496094e+00,1.187105560302734375e+01
7.867492198944091797e+00,7.774437904357910156e+00,1.228340506553649902e+00,4.167788028717041016e+00,5.398299217224121094e+00,6.923825263977050781e+00,3.654096364974975586e+00,8.459793090820312500e+00,6.857249736785888672e+00,6.847371578216552734e+00,9.092629432678222656e+00,1.113723754882812500e+01
7.821894168853759766e+00,7.414684772491455078e+00,1.497333526611328125e+00,4.115943431854248047e+00,5.150031089782714844e+00,6.824898719787597656e+00,3.494049787521362305e+00,8.250515937805175781e+00,6.867815017700195312e+00,6.863575935363769531e+00,8.882101058959960938e+00,1.097149085998535156e+01
9.035694122314453125e+00,9.240714073181152344e+00,2.176240444183349609e+00,8.638543128967285156e+00,6.409628868103027344e+00,7.649550437927246094e+00,8.012423515319824219e+00,7.445937633514404297e+00,1.251532840728759766e+01,9.704438209533691406e+00,1.128975582122802734e+01,1.301676750183105469e+01
9.026336669921875000e+00,9.185570716857910156e+00,2.083551645278930664e+00,8.637241363525390625e+00,6.401906967163085938e+00,7.614608764648437500e+00,8.016212463378906250e+00,7.423499584197998047e+00,1.249596786499023438e+01,9.676169395446777344e+00,1.125743770599365234e+01,1.297546577453613281e+01
8.999148368835449219e+00,9.143015861511230469e+00,2.115368127822875977e+00,8.625106811523437500e+00,6.396491050720214844e+00,7.593076705932617188e+00,8.004112243652343750e+00,7.415689945220947266e+00,1.248304748535156250e+01,9.668804168701171875e+00,1.123154067993164062e+01,1.294471740722656250e+01
9.017212867736816406e+00,9.106996536254882812e+00,1.912845492362976074e+00,8.630781173706054688e+00,6.387899398803710938e+00,7.562046051025390625e+00,8.000047683715820312e+00,7.396456718444824219e+00,1.249244880676269531e+01,9.633021354675292969e+00,1.123336696624755859e+01,1.291412162780761719e+01
9.013404846191406250e+00,9.163823127746582031e+00,2.218335151672363281e+00,8.627939224243164062e+00,6.417343139648437500e+00,7.603285789489746094e+00,8.011783599853515625e+00,7.442981243133544922e+00,1.249399185180664062e+01,9.653679847717285156e+00,1.120374870300292969e+01,1.296574211120605469e+01
9.054374694824218750e+00,9.171896934509277344e+00,2.145584821701049805e+00,8.613589286804199219e+00,6.403409004211425781e+00,7.614947319030761719e+00,7.980574131011962891e+00,7.437410831451416016e+00,1.248797988891601562e+01,9.664628982543945312e+00,1.124209213256835938e+01,1.294609928131103516e+01
9.020474433898925781e+00,9.162598609924316406e+00,2.188570261001586914e+00,8.626997947692871094e+00,6.405548095703125000e+00,7.606382369995117188e+00,7.998531341552734375e+00,7.434932231903076172e+00,1.248684120178222656e+01,9.661076545715332031e+00,1.120875263214111328e+01,1.293793296813964844e+01
9.002333641052246094e+00,9.170256614685058594e+00,2.344487905502319336e+00,8.626376152038574219e+00,6.395353317260742188e+00,7.596987724304199219e+00,7.977250099182128906e+00,7.465057849884033203e+00,1.250566577911376953e+01,9.659334182739257812e+00,1.119513511657714844e+01,1.298343849182128906e+01
9.031504631042480469e+00,9.191738128662109375e+00,2.317061424255371094e+00,8.653167724609375000e+00,6.405479431152343750e+00,7.626265525817871094e+00,8.008871078491210938e+00,7.474854469299316406e+00,1.250670909881591797e+01,9.666629791259765625e+00,1.119766902923583984e+01,1.299438285827636719e+01
9.052829742431640625e+00,9.211312294006347656e+00,2.435729503631591797e+00,8.633550643920898438e+00,6.393973350524902344e+00,7.627118110656738281e+00,8.035149574279785156e+00,7.539358139038085938e+00,1.261684989929199219e+01,9.692106246948242188e+00,1.125448226928710938e+01,1.305177879333496094e+01
8.042413711547851562e+00,7.237767219543457031e+00,2.042768478393554688e+00,7.963594436645507812e+00,7.525012969970703125e+00,7.280978202819824219e+00,5.385707855224609375e+00,6.525192737579345703e+00,1.258123111724853516e+01,9.939078330993652344e+00,9.665889739990234375e+00,1.090919685363769531e+01
8.056877136230468750e+00,7.215338706970214844e+00,2.154339313507080078e+00,7.960428714752197266e+00,7.503872871398925781e+00,7.171871185302734375e+00,5.305235385894775391e+00,6.556009769439697266e+00,1.254335308074951172e+01,9.947786331176757812e+00,9.644843101501464844e+00,1.087270832061767578e+01
8.016672134399414062e+00,7.165244579315185547e+00,2.216404438018798828e+00,7.800734043121337891e+00,7.342642784118652344e+00,7.059168815612792969e+00,5.231206893920898438e+00,6.573896884918212891e+00,1.241013526916503906e+01,9.758430480957031250e+00,9.542132377624511719e+00,1.072742843627929688e+01
8.028010368347167969e+00,7.234166145324707031e+00,1.807179927825927734e+00,7.721223354339599609e+00,7.234462738037109375e+00,7.000179290771484375e+00,5.318938255310058594e+00,6.641396999359130859e+00,1.238201904296875000e+01,9.583218574523925781e+00,9.555969238281250000e+00,1.068654918670654297e+01
7.972547054290771484e+00,7.180009365081787109e+00,2.395426273345947266e+00,7.579434394836425781e+00,6.934678077697753906e+00,6.901347160339355469e+00,5.204806804656982422e+00,6.720286846160888672e+00,1.240331840515136719e+01,9.422039031982421875e+00,9.471655845642089844e+00,1.060731887817382812e+01
8.052363395690917969e+00,7.304791450500488281e+00,2.057630300521850586e+00,7.666969776153564453e+00,7.030558586120605469e+00,6.871075630187988281e+00,5.197174072265625000e+00,6.680909156799316406e+00,1.235732460021972656e+01,9.541520118713378906e+00,9.483792304992675781e+00,1.057782649993896484e+01
8.021524429321289062e+00,7.357795715332031250e+00,2.195296049118041992e+00,7.621399402618408203e+00,6.897249221801757812e+00,6.821755409240722656e+00,5.164590835571289062e+00,6.735063076019287109e+00,1.233026981353759766e+01,9.519269943237304688e+00,9.444554328918457031e+00,1.056625366210937500e+01
8.004159927368164062e+00,7.347039699554443359e+00,2.416486978530883789e+00,7.572234630584716797e+00,6.848846435546875000e+00,6.784122467041015625e+00,5.157488822937011719e+00,6.785467147827148438e+00,1.235174655914306641e+01,9.437303543090820312e+00,9.430076599121093750e+00,1.051096820831298828e+01
8.424221992492675781e+00,7.823041915893554688e+00,2.691164255142211914e+00,7.369590759277343750e+00,5.505125999450683594e+00,6.330886840820312500e+00,5.084889411926269531e+00,7.766953945159912109e+00,1.266692352294921875e+01,8.707244873046875000e+00,9.714326858520507812e+00,1.072940826416015625e+01
8.008958816528320312e+00,7.189674854278564453e+00,2.164060592651367188e+00,7.743598937988281250e+00,7.173965454101562500e+00,7.044972419738769531e+00,5.273674964904785156e+00,6.596252918243408203e+00,1.242128467559814453e+01,9.649861335754394531e+00,9.532367706298828125e+00,1.071158409118652344e+01
7.824800014495849609e+00,6.370417594909667969e+00,2.784476280212402344e+00,7.408618450164794922e+00,6.884239196777343750e+00,7.480443954467773438e+00,5.024217605590820312e+00,7.007575035095214844e+00,1.259601688385009766e+01,9.860048294067382812e+00,9.722830772399902344e+00,1.083557033538818359e+01
7.805778026580810547e+00,6.367142200469970703e+00,2.626151800155639648e+00,7.472929954528808594e+00,6.938585281372070312e+00,7.467793464660644531e+00,5.108395576477050781e+00,6.950451374053955078e+00,1.255811309814453125e+01,9.834066390991210938e+00,9.706358909606933594e+00,1.082113456726074219e+01
7.770931243896484375e+00,6.318376541137695312e+00,2.620446681976318359e+00,7.327751636505126953e+00,6.849217414855957031e+00,7.295019149780273438e+00,4.985997676849365234e+00,6.863642692565917969e+00,1.245938682556152344e+01,9.780446052551269531e+00,9.582346916198730469e+00,1.069889259338378906e+01
7.738647937774658203e+00,6.331067562103271484e+00,2.146470785140991211e+00,7.414009571075439453e+00,6.896067619323730469e+00,7.335654258728027344e+00,5.104641914367675781e+00,6.739431858062744141e+00,1.238984298706054688e+01,9.757038116455078125e+00,9.543126106262207031e+00,1.067827987670898438e+01
7.841831684112548828e+00,6.192163467407226562e+00,2.389972209930419922e+00,7.277920246124267578e+00,6.704248428344726562e+00,7.313888549804687500e+00,4.877549171447753906e+00,6.695583820343017578e+00,1.235439682006835938e+01,9.723531723022460938e+00,9.534221649169921875e+00,1.069525623321533203e+01
7.785193443298339844e+00,6.202292442321777344e+00,2.379084825515747070e+00,7.093600749969482422e+00,6.566996574401855469e+00,7.244017601013183594e+00,4.934515953063964844e+00,6.665934085845947266e+00,1.230082225799560547e+01,9.516128540039062500e+00,9.488213539123535156e+00,1.067978096008300781e+01
7.690284252166748047e+00,6.148839950561523438e+00,1.805793046951293945e+00,7.214442729949951172e+00,6.704614639282226562e+00,7.343131065368652344e+00,4.984197616577148438e+00,6.646546840667724609e+00,1.231520652770996094e+01,9.807085037231445312e+00,9.510003089904785156e+00,1.070017910003662109e+01
7.742007732391357422e+00,6.167953014373779297e+00,1.921613574028015137e+00,7.212690830230712891e+00,6.693997383117675781e+00,7.326677322387695312e+00,4.959502696990966797e+00,6.628743171691894531e+00,1.231675910949707031e+01,9.798255920410156250e+00,9.531325340270996094e+00,1.070790004730224609e+01
7.856925964355468750e+00,6.237174987792968750e+00,2.950756311416625977e+00,6.973504543304443359e+00,6.451528549194335938e+00,7.177508354187011719e+00,4.732283592224121094e+00,6.601355552673339844e+00,1.231642913818359375e+01,9.473775863647460938e+00,9.409871101379394531e+00,1.062865638732910156e+01
7.743603706359863281e+00,6.228578567504882812e+00,2.264379262924194336e+00,7.173552513122558594e+00,6.720653533935546875e+00,7.250692367553710938e+00,4.923562526702880859e+00,6.688341617584228516e+00,1.234934234619140625e+01,9.591241836547851562e+00,9.497941970825195312e+00,1.066901969909667969e+01
7.846848011016845703e+00,6.886338233947753906e+00,1.544965744018554688e+00,7.291573047637939453e+00,7.063189506530761719e+00,7.136674880981445312e+00,5.374730110168457031e+00,6.475273609161376953e+00,1.253513526916503906e+01,9.436506271362304688e+00,9.234095573425292969e+00,1.045007610321044922e+01
7.765424251556396484e+00,6.548281669616699219e+00,2.422081232070922852e+00,6.975433826446533203e+00,6.582770347595214844e+00,6.947064399719238281e+00,4.791083335876464844e+00,6.672487735748291016e+00,1.239756774902343750e+01,9.263477325439453125e+00,9.296892166137695312e+00,1.051357650756835938e+01
7.936395168304443359e+00,6.899622917175292969e+00,1.755691885948181152e+00,7.317624568939208984e+00,6.851097106933593750e+00,7.114622116088867188e+00,5.320816516876220703e+00,6.516480922698974609e+00,1.257126903533935547e+01,9.375102996826171875e+00,9.302763938903808594e+00,1.055195426940917969e+01
7.770192623138427734e+00,6.570602416992187500e+00,2.321691989898681641e+00,6.605710029602050781e+00,6.074054718017578125e+00,6.595955848693847656e+00,4.331332206726074219e+00,6.535692691802978516e+00,1.223810005187988281e+01,8.682075500488281250e+00,9.067828178405761719e+00,1.025576782226562500e+01
7.755144596099853516e+00,6.657217979431152344e+00,2.792666673660278320e+00,6.842694759368896484e+00,6.267016410827636719e+00,6.635127067565917969e+00,4.646444320678710938e+00,6.593346118927001953e+00,1.216681480407714844e+01,8.943178176879882812e+00,9.074335098266601562e+00,1.017996406555175781e+01
7.813170433044433594e+00,6.755016326904296875e+00,1.900361657142639160e+00,7.204120635986328125e+00,6.566313743591308594e+00,6.788735389709472656e+00,5.127698421478271484e+00,6.541182518005371094e+00,1.225956153869628906e+01,9.021924018859863281e+00,9.163935661315917969e+00,1.020009136199951172e+01
7.778113842010498047e+00,6.710757255554199219e+00,2.859498023986816406e+00,6.777733802795410156e+00,6.044192314147949219e+00,6.544185638427734375e+00,4.486441135406494141e+00,6.618316173553466797e+00,1.221773719787597656e+01,8.752509117126464844e+00,8.999966621398925781e+00,1.015875530242919922e+01
7.777904510498046875e+00,6.857347965240478516e+00,2.712291479110717773e+00,7.081794261932373047e+00,6.393179893493652344e+00,6.717936515808105469e+00,4.970596790313720703e+00,6.554687976837158203e+00,1.231422710418701172e+01,8.995016098022460938e+00,9.194664955139160156e+00,1.034171295166015625e+01
7.790212631225585938e+00,6.779798507690429688e+00,3.022731542587280273e+00,6.928770542144775391e+00,6.142216682434082031e+00,6.575026512145996094e+00,4.762294292449951172e+00,6.621694087982177734e+00,1.221570491790771484e+01,8.922336578369140625e+00,9.061213493347167969e+00,1.019159507751464844e+01
7.762094974517822266e+00,6.722048282623291016e+00,3.224473714828491211e+00,6.728496551513671875e+00,5.889577865600585938e+00,6.509587287902832031e+00,4.431587219238281250e+00,6.641570091247558594e+00,1.219994831085205078e+01,8.689497947692871094e+00,8.916754722595214844e+00,1.011965370178222656e+01
8.145239830017089844e+00,7.950011253356933594e+00,2.738813400268554688e+00,7.364149570465087891e+00,6.857607841491699219e+00,7.612026214599609375e+00,4.836863517761230469e+00,7.414805889129638672e+00,1.310927677154541016e+01,8.668500900268554688e+00,9.807888984680175781e+00,1.116004180908203125e+01
8.141752243041992188e+00,7.966888427734375000e+00,2.568591833114624023e+00,7.408412933349609375e+00,6.954442024230957031e+00,7.570143699645996094e+00,4.859783649444580078e+00,7.421397686004638672e+00,1.305843353271484375e+01,8.667237281799316406e+00,9.813340187072753906e+00,1.111093711853027344e+01
8.157612800598144531e+00,8.004468917846679688e+00,2.397232770919799805e+00,7.422451972961425781e+00,6.995776176452636719e+00,7.615954399108886719e+00,4.941683769226074219e+00,7.463804244995117188e+00,1.303610420227050781e+01,8.693531036376953125e+00,9.853411674499511719e+00,1.107186126708984375e+01
8.122484207153320312e+00,7.975798606872558594e+00,2.772925138473510742e+00,7.410574436187744141e+00,6.903774261474609375e+00,7.555380821228027344e+00,4.873462200164794922e+00,7.438727378845214844e+00,1.305281925201416016e+01,8.648380279541015625e+00,9.792153358459472656e+00,1.106632995605468750e+01
8.152753829956054688e+00,7.985916137695312500e+00,2.437772512435913086e+00,7.413874626159667969e+00,6.960706710815429688e+00,7.577866554260253906e+00,4.946279048919677734e+00,7.464368343353271484e+00,1.302560615539550781e+01,8.695363044738769531e+00,9.847611427307128906e+00,1.105283355712890625e+01
8.142819404602050781e+00,7.987372398376464844e+00,2.415971755981445312e+00,7.403522968292236328e+00,7.002511024475097656e+00,7.616611480712890625e+00,4.935348987579345703e+00,7.446100711822509766e+00,1.301666355133056641e+01,8.677209854125976562e+00,9.822743415832519531e+00,1.106458854675292969e+01
8.120327949523925781e+00,7.896761894226074219e+00,2.556853294372558594e+00,7.373167037963867188e+00,6.889489173889160156e+00,7.508797645568847656e+00,4.887788772583007812e+00,7.478529453277587891e+00,1.298483657836914062e+01,8.647435188293457031e+00,9.792559623718261719e+00,1.099735164642333984e+01
8.118163108825683594e+00,7.946722984313964844e+00,2.665381431579589844e+00,7.403321743011474609e+00,6.929100990295410156e+00,7.536619186401367188e+00,4.905548572540283203e+00,7.468312740325927734e+00,1.301396369934082031e+01,8.674917221069335938e+00,9.793969154357910156e+00,1.101800155639648438e+01
8.084516525268554688e+00,7.942838668823242188e+00,2.801397562026977539e+00,7.379243850708007812e+00,6.904451370239257812e+00,7.492177009582519531e+00,4.872586250305175781e+00,7.438574314117431641e+00,1.297428512573242188e+01,8.655330657958984375e+00,9.741658210754394531e+00,1.099031543731689453e+01
8.086013793945312500e+00,7.942839145660400391e+00,2.811826944351196289e+00,7.386959552764892578e+00,6.896533966064453125e+00,7.535531044006347656e+00,4.870426177978515625e+00,7.421721458435058594e+00,1.299797439575195312e+01,8.646061897277832031e+00,9.753836631774902344e+00,1.103047657012939453e+01
9.139950752258300781e+00,6.904904365539550781e+00,2.478981494903564453e+00,7.185355186462402344e+00,5.197940826416015625e+00,7.022623062133789062e+00,5.699113368988037109e+00,1.026676654815673828e+01,1.297344684600830078e+01,8.315996170043945312e+00,1.172004127502441406e+01,1.188839149475097656e+01
9.188896179199218750e+00,6.954669475555419922e+00,2.607220411300659180e+00,7.233577251434326172e+00,5.197323799133300781e+00,7.079006195068359375e+00,5.738162517547607422e+00,1.036364269256591797e+01,1.301232337951660156e+01,8.336620330810546875e+00,1.172069644927978516e+01,1.190840435028076172e+01
9.165521621704101562e+00,6.919732093811035156e+00,2.739824056625366211e+00,7.215991497039794922e+00,5.190262794494628906e+00,7.047001838684082031e+00,5.681537151336669922e+00,1.024730300903320312e+01,1.297586154937744141e+01,8.327189445495605469e+00,1.171117210388183594e+01,1.190632247924804688e+01
9.131421089172363281e+00,6.900366306304931641e+00,2.597707271575927734e+00,7.115950584411621094e+00,5.120932579040527344e+00,6.944708824157714844e+00,5.575293540954589844e+00,1.000965976715087891e+01,1.288692188262939453e+01,8.250190734863281250e+00,1.158989238739013672e+01,1.182319355010986328e+01
9.114973068237304688e+00,6.860239028930664062e+00,2.607377052307128906e+00,7.125325679779052734e+00,5.071302413940429688e+00,6.887404441833496094e+00,5.598764896392822266e+00,1.006320858001708984e+01,1.286941242218017578e+01,8.213871002197265625e+00,1.154403114318847656e+01,1.180842113494873047e+01
9.144971847534179688e+00,6.903009414672851562e+00,2.682445049285888672e+00,7.169255733489990234e+00,5.134822845458984375e+00,6.989308357238769531e+00,5.651604652404785156e+00,1.018095684051513672e+01,1.293259048461914062e+01,8.276098251342773438e+00,1.162629032135009766e+01,1.187173080444335938e+01
9.122267723083496094e+00,6.874033927917480469e+00,2.578385353088378906e+00,7.167582988739013672e+00,5.179890632629394531e+00,6.993241310119628906e+00,5.663623332977294922e+00,1.013759899139404297e+01,1.292957496643066406e+01,8.284770011901855469e+00,1.162883472442626953e+01,1.183909988403320312e+01
9.133959770202636719e+00,6.853684425354003906e+00,2.419039487838745117e+00,7.123868465423583984e+00,5.111718177795410156e+00,6.937018394470214844e+00,5.598963737487792969e+00,1.012017822265625000e+01,1.287838172912597656e+01,8.251370429992675781e+00,1.159942722320556641e+01,1.182964801788330078e+01
9.136548995971679688e+00,6.871714115142822266e+00,2.804967641830444336e+00,7.126486778259277344e+00,5.066388130187988281e+00,6.918861389160156250e+00,5.596347808837890625e+00,1.008240604400634766e+01,1.288047790527343750e+01,8.221693038940429688e+00,1.156893253326416016e+01,1.183277511596679688e+01
9.114355087280273438e+00,6.869801521301269531e+00,2.319176673889160156e+00,7.075847625732421875e+00,5.100369453430175781e+00,6.940630912780761719e+00,5.571608543395996094e+00,1.004475212097167969e+01,1.284131240844726562e+01,8.192782402038574219e+00,1.151555919647216797e+01,1.179472923278808594e+01
