7.164190769195556641e+00,8.110765457153320312e+00,7.481522083282470703e+00,3.524406433105468750e+00,5.463413715362548828e+00,6.175883769989013672e+00,8.765786170959472656e+00,1.224476623535156250e+01,8.989300727844238281e+00,9.413021087646484375e+00,1.052413368225097656e+01
7.146883964538574219e+00,8.094620704650878906e+00,7.443587779998779297e+00,3.489659070968627930e+00,5.460223674774169922e+00,6.187378406524658203e+00,8.687471389770507812e+00,1.221590900421142578e+01,8.958551406860351562e+00,9.415287017822265625e+00,1.052566909790039062e+01
7.088410854339599609e+00,8.145119667053222656e+00,7.605353832244873047e+00,3.634537696838378906e+00,5.364483356475830078e+00,6.308071136474609375e+00,9.035657882690429688e+00,1.231299114227294922e+01,9.123228073120117188e+00,9.437862396240234375e+00,1.052129173278808594e+01
7.139424800872802734e+00,8.062492370605468750e+00,7.433556079864501953e+00,3.517318010330200195e+00,5.477995395660400391e+00,6.176802635192871094e+00,8.726306915283203125e+00,1.219885921478271484e+01,8.957883834838867188e+00,9.407243728637695312e+00,1.050785827636718750e+01
7.134999752044677734e+00,8.060457229614257812e+00,7.410646438598632812e+00,3.487688302993774414e+00,5.486449718475341797e+00,6.173127174377441406e+00,8.683982849121093750e+00,1.219118213653564453e+01,8.939350128173828125e+00,9.403184890747070312e+00,1.050686645507812500e+01
7.069802761077880859e+00,8.087602615356445312e+00,7.428328037261962891e+00,3.485660314559936523e+00,5.425857067108154297e+00,6.232194900512695312e+00,8.623250961303710938e+00,1.220251941680908203e+01,8.944780349731445312e+00,9.400962829589843750e+00,1.050839614868164062e+01
7.128314971923828125e+00,8.051462173461914062e+00,7.361822605133056641e+00,3.419692039489746094e+00,5.494924545288085938e+00,6.137596607208251953e+00,8.596458435058593750e+00,1.215928745269775391e+01,8.895545959472656250e+00,9.376971244812011719e+00,1.048973655700683594e+01
7.113456249237060547e+00,8.061090469360351562e+00,7.398766994476318359e+00,3.464852571487426758e+00,5.483791351318359375e+00,6.188221931457519531e+00,8.651357650756835938e+00,1.218665885925292969e+01,8.929517745971679688e+00,9.399671554565429688e+00,1.050749206542968750e+01
7.074497222900390625e+00,8.079272270202636719e+00,7.422913074493408203e+00,3.470289468765258789e+00,5.426188945770263672e+00,6.208460807800292969e+00,8.603778839111328125e+00,1.219498729705810547e+01,8.932440757751464844e+00,9.396138191223144531e+00,1.050826072692871094e+01
7.210177898406982422e+00,7.983603000640869141e+00,7.252441883087158203e+00,3.256672620773315430e+00,5.532107830047607422e+00,5.976643562316894531e+00,8.435321807861328125e+00,1.204977130889892578e+01,8.755634307861328125e+00,9.327564239501953125e+00,1.046822166442871094e+01
7.669240474700927734e+00,8.981767654418945312e+00,7.727635860443115234e+00,3.823773145675659180e+00,8.037128448486328125e+00,6.707357883453369141e+00,8.926900863647460938e+00,1.251622295379638672e+01,9.132799148559570312e+00,9.696168899536132812e+00,1.094185447692871094e+01
7.719478607177734375e+00,9.029376983642578125e+00,7.765392303466796875e+00,3.875698328018188477e+00,8.064937591552734375e+00,6.735772609710693359e+00,8.949073791503906250e+00,1.253979873657226562e+01,9.154186248779296875e+00,9.722973823547363281e+00,1.097372055053710938e+01
7.603953838348388672e+00,8.906247138977050781e+00,7.716779708862304688e+00,3.782360315322875977e+00,7.963951587677001953e+00,6.662105083465576172e+00,8.929285049438476562e+00,1.248010540008544922e+01,9.111193656921386719e+00,9.672447204589843750e+00,1.091188240051269531e+01
7.567496776580810547e+00,8.851802825927734375e+00,7.711580753326416016e+00,3.748436212539672852e+00,7.924636840820312500e+00,6.640189170837402344e+00,8.939108848571777344e+00,1.245362663269042969e+01,9.100736618041992188e+00,9.664119720458984375e+00,1.088632965087890625e+01
7.624914646148681641e+00,8.953777313232421875e+00,7.723233222961425781e+00,3.810920953750610352e+00,8.012182235717773438e+00,6.689337730407714844e+00,8.915340423583984375e+00,1.249600505828857422e+01,9.124882698059082031e+00,9.681763648986816406e+00,1.092659187316894531e+01
7.724518775939941406e+00,9.020786285400390625e+00,7.765933513641357422e+00,3.870849847793579102e+00,8.078138351440429688e+00,6.730086326599121094e+00,8.961858749389648438e+00,1.254918956756591797e+01,9.154519081115722656e+00,9.722890853881835938e+00,1.097826576232910156e+01
7.603856563568115234e+00,8.901908874511718750e+00,7.709210395812988281e+00,3.772567987442016602e+00,7.951913356781005859e+00,6.664803504943847656e+00,8.929685592651367188e+00,1.247651576995849609e+01,9.106331825256347656e+00,9.668970108032226562e+00,1.090693855285644531e+01
7.652152538299560547e+00,8.977133750915527344e+00,7.725018024444580078e+00,3.822075128555297852e+00,8.022301673889160156e+00,6.709784507751464844e+00,8.927239418029785156e+00,1.250169372558593750e+01,9.129763603210449219e+00,9.688100814819335938e+00,1.093247222900390625e+01
7.598369598388671875e+00,8.897219657897949219e+00,7.709290981292724609e+00,3.770913362503051758e+00,7.948566436767578125e+00,6.672333717346191406e+00,8.932639122009277344e+00,1.246806526184082031e+01,9.106504440307617188e+00,9.668972015380859375e+00,1.090357017517089844e+01
7.601551532745361328e+00,8.891574859619140625e+00,7.711993694305419922e+00,3.772971868515014648e+00,7.944914340972900391e+00,6.654940605163574219e+00,8.925403594970703125e+00,1.247467327117919922e+01,9.104419708251953125e+00,9.669065475463867188e+00,1.090205192565917969e+01
8.415657043457031250e+00,8.055915832519531250e+00,4.914890766143798828e+00,5.494258880615234375e+00,8.493434906005859375e+00,4.254622936248779297e+00,8.811978340148925781e+00,8.802186965942382812e+00,7.640530109405517578e+00,9.914070129394531250e+00,1.187989044189453125e+01
8.173870086669921875e+00,7.825865745544433594e+00,4.706960201263427734e+00,5.593577384948730469e+00,7.024263858795166016e+00,3.990477085113525391e+00,8.723445892333984375e+00,7.801899909973144531e+00,7.377681732177734375e+00,9.524671554565429688e+00,1.161178779602050781e+01
8.173632621765136719e+00,7.824084281921386719e+00,4.604106426239013672e+00,5.549721717834472656e+00,6.998198032379150391e+00,3.957726955413818359e+00,8.740098953247070312e+00,7.625475883483886719e+00,7.274117946624755859e+00,9.453956604003906250e+00,1.156384086608886719e+01
8.177740097045898438e+00,7.789597988128662109e+00,4.565447807312011719e+00,5.544360160827636719e+00,6.985891342163085938e+00,3.933480262756347656e+00,8.728744506835937500e+00,7.581769943237304688e+00,7.252046108245849609e+00,9.382359504699707031e+00,1.153067398071289062e+01
8.094085693359375000e+00,7.853034019470214844e+00,4.631540298461914062e+00,5.527945995330810547e+00,6.941956996917724609e+00,3.947472095489501953e+00,8.625520706176757812e+00,7.619376182556152344e+00,7.210936546325683594e+00,9.500703811645507812e+00,1.149482536315917969e+01
8.203117370605468750e+00,7.780672073364257812e+00,4.549213886260986328e+00,5.509829044342041016e+00,7.000385761260986328e+00,3.944396495819091797e+00,8.795440673828125000e+00,7.552447795867919922e+00,7.272119045257568359e+00,9.390628814697265625e+00,1.154242897033691406e+01
8.191657066345214844e+00,7.702161312103271484e+00,4.540108680725097656e+00,5.565369129180908203e+00,7.058628559112548828e+00,3.795610904693603516e+00,8.792476654052734375e+00,7.479673385620117188e+00,7.296975612640380859e+00,9.397233963012695312e+00,1.157041740417480469e+01
9.591160774230957031e+00,7.626371860504150391e+00,7.642890930175781250e+00,2.523177146911621094e+00,1.013663673400878906e+01,5.581500530242919922e+00,9.624845504760742188e+00,1.198579978942871094e+01,8.731450080871582031e+00,9.962675094604492188e+00,1.159533119201660156e+01
8.097263336181640625e+00,7.576784133911132812e+00,4.454545021057128906e+00,5.264821052551269531e+00,6.872412681579589844e+00,3.778116703033447266e+00,8.611124038696289062e+00,7.516740798950195312e+00,7.165470600128173828e+00,9.168681144714355469e+00,1.123785972595214844e+01
8.048053741455078125e+00,7.480017185211181641e+00,4.415334701538085938e+00,5.202467441558837891e+00,6.862140655517578125e+00,3.650016307830810547e+00,8.465394973754882812e+00,7.443991184234619141e+00,7.195464611053466797e+00,9.135988235473632812e+00,1.121120643615722656e+01
9.026865005493164062e+00,9.266526222229003906e+00,8.729704856872558594e+00,6.334249973297119141e+00,7.714353084564208984e+00,8.005621910095214844e+00,7.497995853424072266e+00,1.258888339996337891e+01,9.676630973815917969e+00,1.134859085083007812e+01,1.313982582092285156e+01
9.025842666625976562e+00,9.202888488769531250e+00,8.697618484497070312e+00,6.301746845245361328e+00,7.653064250946044922e+00,7.967038631439208984e+00,7.496004581451416016e+00,1.257269477844238281e+01,9.650081634521484375e+00,1.130533409118652344e+01,1.308557701110839844e+01
9.018891334533691406e+00,9.171717643737792969e+00,8.697709083557128906e+00,6.302690029144287109e+00,7.625530719757080078e+00,7.951223850250244141e+00,7.495985507965087891e+00,1.255204105377197266e+01,9.644167900085449219e+00,1.128937530517578125e+01,1.306475448608398438e+01
9.024898529052734375e+00,9.154593467712402344e+00,8.699029922485351562e+00,6.299555778503417969e+00,7.612209796905517578e+00,7.951574325561523438e+00,7.490697383880615234e+00,1.254813575744628906e+01,9.645237922668457031e+00,1.128520202636718750e+01,1.305291938781738281e+01
9.016650199890136719e+00,9.146874427795410156e+00,8.700512886047363281e+00,6.306241512298583984e+00,7.618286609649658203e+00,7.945222854614257812e+00,7.499965667724609375e+00,1.253052997589111328e+01,9.640500068664550781e+00,1.127965354919433594e+01,1.305530738830566406e+01
9.032404899597167969e+00,9.171368598937988281e+00,8.712209701538085938e+00,6.305806636810302734e+00,7.647451400756835938e+00,7.972999572753906250e+00,7.508429050445556641e+00,1.255533885955810547e+01,9.657042503356933594e+00,1.129338073730468750e+01,1.307588195800781250e+01
9.020401954650878906e+00,9.138636589050292969e+00,8.701047897338867188e+00,6.307087421417236328e+00,7.617092609405517578e+00,7.947929382324218750e+00,7.501560688018798828e+00,1.253714942932128906e+01,9.650187492370605469e+00,1.128095245361328125e+01,1.305657958984375000e+01
9.005806922912597656e+00,9.120968818664550781e+00,8.682915687561035156e+00,6.303017616271972656e+00,7.595252513885498047e+00,7.941002845764160156e+00,7.509932041168212891e+00,1.252997589111328125e+01,9.641665458679199219e+00,1.126937103271484375e+01,1.305599403381347656e+01
9.010329246520996094e+00,9.141850471496582031e+00,8.688112258911132812e+00,6.304576396942138672e+00,7.618762969970703125e+00,7.950278282165527344e+00,7.510376453399658203e+00,1.253052234649658203e+01,9.641882896423339844e+00,1.127691841125488281e+01,1.306304168701171875e+01
9.010602951049804688e+00,9.122429847717285156e+00,8.691919326782226562e+00,6.309928417205810547e+00,7.592512607574462891e+00,7.945582389831542969e+00,7.490259170532226562e+00,1.252807235717773438e+01,9.643996238708496094e+00,1.127058219909667969e+01,1.303747940063476562e+01
8.010161399841308594e+00,7.198283672332763672e+00,8.181350708007812500e+00,7.571544647216796875e+00,7.407929897308349609e+00,5.404920101165771484e+00,6.721148967742919922e+00,1.265377426147460938e+01,1.008290481567382812e+01,9.732550621032714844e+00,1.098728179931640625e+01
8.055371284484863281e+00,7.274336338043212891e+00,8.094818115234375000e+00,7.513265609741210938e+00,7.292334079742431641e+00,5.304311752319335938e+00,6.724452495574951172e+00,1.259295654296875000e+01,1.004583644866943359e+01,9.744722366333007812e+00,1.093980598449707031e+01
8.012508392333984375e+00,7.177807331085205078e+00,8.088850975036621094e+00,7.523220539093017578e+00,7.326098918914794922e+00,5.298162460327148438e+00,6.715312004089355469e+00,1.260639095306396484e+01,1.004103851318359375e+01,9.691975593566894531e+00,1.091168785095214844e+01
8.042323112487792969e+00,7.292638778686523438e+00,7.888564109802246094e+00,7.426908969879150391e+00,7.091639041900634766e+00,5.439604759216308594e+00,6.816500186920166016e+00,1.249071598052978516e+01,9.855843544006347656e+00,9.675886154174804688e+00,1.079148483276367188e+01
7.943947315216064453e+00,7.082338809967041016e+00,7.916723251342773438e+00,7.285974979400634766e+00,7.255650997161865234e+00,5.263982295989990234e+00,6.753415107727050781e+00,1.255828762054443359e+01,9.861609458923339844e+00,9.593631744384765625e+00,1.081208992004394531e+01
8.069658279418945312e+00,7.431924819946289062e+00,7.675036907196044922e+00,7.027845382690429688e+00,6.829603195190429688e+00,5.105464935302734375e+00,6.885118961334228516e+00,1.237507724761962891e+01,9.639530181884765625e+00,9.574289321899414062e+00,1.069454002380371094e+01
8.003736495971679688e+00,7.370974540710449219e+00,7.583079338073730469e+00,6.817726612091064453e+00,6.809332370758056641e+00,5.193692207336425781e+00,6.905392169952392578e+00,1.229521465301513672e+01,9.511515617370605469e+00,9.501901626586914062e+00,1.059213256835937500e+01
7.999686717987060547e+00,7.346251964569091797e+00,7.569989681243896484e+00,6.832676410675048828e+00,6.829832077026367188e+00,5.230521202087402344e+00,6.908442020416259766e+00,1.230592441558837891e+01,9.509160041809082031e+00,9.492105484008789062e+00,1.058953666687011719e+01
8.692324638366699219e+00,8.188955307006835938e+00,7.464807987213134766e+00,6.561419010162353516e+00,7.001207351684570312e+00,5.424391269683837891e+00,7.728869915008544922e+00,1.281477642059326172e+01,9.291567802429199219e+00,1.026482582092285156e+01,1.176234817504882812e+01
7.951871871948242188e+00,7.121503353118896484e+00,7.892995357513427734e+00,7.273538112640380859e+00,7.180722236633300781e+00,5.278271198272705078e+00,6.751991748809814453e+00,1.249582290649414062e+01,9.818228721618652344e+00,9.575199127197265625e+00,1.076286697387695312e+01
7.872829914093017578e+00,6.278491497039794922e+00,7.459364414215087891e+00,6.782326221466064453e+00,7.614556789398193359e+00,5.163017272949218750e+00,7.151439189910888672e+00,1.272250461578369141e+01,9.884104728698730469e+00,9.796917915344238281e+00,1.100533294677734375e+01
7.815477848052978516e+00,6.388833999633789062e+00,7.581580638885498047e+00,7.010202884674072266e+00,7.460376739501953125e+00,5.104201316833496094e+00,6.930280208587646484e+00,1.266789531707763672e+01,9.872798919677734375e+00,9.678245544433593750e+00,1.088164138793945312e+01
7.788483142852783203e+00,6.308689594268798828e+00,7.443159103393554688e+00,6.738519191741943359e+00,7.426239490509033203e+00,5.118626117706298828e+00,6.927225112915039062e+00,1.259139537811279297e+01,9.931796073913574219e+00,9.638177871704101562e+00,1.082966232299804688e+01
7.803560733795166016e+00,6.326603412628173828e+00,7.436560630798339844e+00,6.739330768585205078e+00,7.303601741790771484e+00,4.998278617858886719e+00,6.795888423919677734e+00,1.255236816406250000e+01,9.777718544006347656e+00,9.566774368286132812e+00,1.078903198242187500e+01
7.787297725677490234e+00,6.196729183197021484e+00,7.337668895721435547e+00,6.663179397583007812e+00,7.298375606536865234e+00,4.931769371032714844e+00,6.816959857940673828e+00,1.255109405517578125e+01,9.709835052490234375e+00,9.570186614990234375e+00,1.077782440185546875e+01
7.779971599578857422e+00,6.209316730499267578e+00,7.219605922698974609e+00,6.527446746826171875e+00,7.325973987579345703e+00,5.045633316040039062e+00,6.789758205413818359e+00,1.255798053741455078e+01,9.575045585632324219e+00,9.637493133544921875e+00,1.074742126464843750e+01
7.719095706939697266e+00,6.246932029724121094e+00,7.332839965820312500e+00,6.731194496154785156e+00,7.368924140930175781e+00,5.010024547576904297e+00,6.797808170318603516e+00,1.250623989105224609e+01,9.860977172851562500e+00,9.572269439697265625e+00,1.073353576660156250e+01
7.743226528167724609e+00,6.264796733856201172e+00,7.313573360443115234e+00,6.696039676666259766e+00,7.352295875549316406e+00,5.005662441253662109e+00,6.796481132507324219e+00,1.251333808898925781e+01,9.810433387756347656e+00,9.577339172363281250e+00,1.073440742492675781e+01
7.800805568695068359e+00,6.184973716735839844e+00,7.031892299652099609e+00,6.508697032928466797e+00,7.303987979888916016e+00,4.857955455780029297e+00,6.653689861297607422e+00,1.248064231872558594e+01,9.514108657836914062e+00,9.535209655761718750e+00,1.065759468078613281e+01
7.738646030426025391e+00,6.231592655181884766e+00,7.302928447723388672e+00,6.705067634582519531e+00,7.358064174652099609e+00,5.012449264526367188e+00,6.801271915435791016e+00,1.251600074768066406e+01,9.816165924072265625e+00,9.585439682006835938e+00,1.073092079162597656e+01
7.722077846527099609e+00,6.877315521240234375e+00,7.352654457092285156e+00,7.136280059814453125e+00,7.243504047393798828e+00,5.284408092498779297e+00,6.712863922119140625e+00,1.259557628631591797e+01,9.596951484680175781e+00,9.321556091308593750e+00,1.045412635803222656e+01
7.723429203033447266e+00,6.581695079803466797e+00,7.077649116516113281e+00,6.597029209136962891e+00,7.097505569458007812e+00,4.985407829284667969e+00,6.739494800567626953e+00,1.263487243652343750e+01,9.415802001953125000e+00,9.427377700805664062e+00,1.057867813110351562e+01
7.766237735748291016e+00,6.867747783660888672e+00,7.345248699188232422e+00,6.987092494964599609e+00,7.283212661743164062e+00,5.248706340789794922e+00,6.682438373565673828e+00,1.257058048248291016e+01,9.584602355957031250e+00,9.329774856567382812e+00,1.053116798400878906e+01
7.746986865997314453e+00,6.652412891387939453e+00,6.599089622497558594e+00,5.943387031555175781e+00,6.636760234832763672e+00,4.391880035400390625e+00,6.597337245941162109e+00,1.237679481506347656e+01,8.826321601867675781e+00,9.164545059204101562e+00,1.046340179443359375e+01
7.691033363342285156e+00,6.773710727691650391e+00,7.185597419738769531e+00,6.514746665954589844e+00,6.811386585235595703e+00,5.059329032897949219e+00,6.604103565216064453e+00,1.232300853729248047e+01,9.200273513793945312e+00,9.077367782592773438e+00,1.023398017883300781e+01
7.746089458465576172e+00,6.832883358001708984e+00,7.309542179107666016e+00,6.470871925354003906e+00,6.869840145111083984e+00,5.252417087554931641e+00,6.649786472320556641e+00,1.228264617919921875e+01,9.119925498962402344e+00,9.131662368774414062e+00,1.019285202026367188e+01
7.719418048858642578e+00,6.807326793670654297e+00,7.038947582244873047e+00,6.399444103240966797e+00,6.714260578155517578e+00,4.865650653839111328e+00,6.628880023956298828e+00,1.227712249755859375e+01,9.120041847229003906e+00,9.070946693420410156e+00,1.023153114318847656e+01
7.765950202941894531e+00,6.989453792572021484e+00,7.080974578857421875e+00,6.253692150115966797e+00,6.630408287048339844e+00,4.739717006683349609e+00,6.845178127288818359e+00,1.225167751312255859e+01,9.101275444030761719e+00,9.125107765197753906e+00,1.034574699401855469e+01
7.755186557769775391e+00,6.893700122833251953e+00,7.300965309143066406e+00,6.604739189147949219e+00,6.779304981231689453e+00,5.087081909179687500e+00,6.681260108947753906e+00,1.231108283996582031e+01,9.287320137023925781e+00,9.163112640380859375e+00,1.032280731201171875e+01
7.653131484985351562e+00,6.719630241394042969e+00,6.748983860015869141e+00,5.896580219268798828e+00,6.571769237518310547e+00,4.461699008941650391e+00,6.630295753479003906e+00,1.221260643005371094e+01,8.830359458923339844e+00,8.948030471801757812e+00,1.027006721496582031e+01
8.237750053405761719e+00,8.163024902343750000e+00,7.495575428009033203e+00,6.958286285400390625e+00,7.734150886535644531e+00,5.077700614929199219e+00,7.501604557037353516e+00,1.314177608489990234e+01,8.734215736389160156e+00,9.885271072387695312e+00,1.115431976318359375e+01
8.226492881774902344e+00,8.150839805603027344e+00,7.492869853973388672e+00,6.951699733734130859e+00,7.744112968444824219e+00,5.062688827514648438e+00,7.503138542175292969e+00,1.312636089324951172e+01,8.732079505920410156e+00,9.869697570800781250e+00,1.113765716552734375e+01
8.200832366943359375e+00,8.092103004455566406e+00,7.477029800415039062e+00,6.944353103637695312e+00,7.740015983581542969e+00,5.030267238616943359e+00,7.512514591217041016e+00,1.307465648651123047e+01,8.720825195312500000e+00,9.846271514892578125e+00,1.112046241760253906e+01
8.191437721252441406e+00,8.092922210693359375e+00,7.474401473999023438e+00,6.956449031829833984e+00,7.725958347320556641e+00,5.018047332763671875e+00,7.505778312683105469e+00,1.310097599029541016e+01,8.699663162231445312e+00,9.841140747070312500e+00,1.110415649414062500e+01
8.181634902954101562e+00,8.079298019409179688e+00,7.472992420196533203e+00,6.957134723663330078e+00,7.721131801605224609e+00,5.018177509307861328e+00,7.505376338958740234e+00,1.307718753814697266e+01,8.707076072692871094e+00,9.836927413940429688e+00,1.110195350646972656e+01
8.179313659667968750e+00,8.076800346374511719e+00,7.476440906524658203e+00,6.955240726470947266e+00,7.714281558990478516e+00,5.023970127105712891e+00,7.497026920318603516e+00,1.306426715850830078e+01,8.714846611022949219e+00,9.836307525634765625e+00,1.110312843322753906e+01
8.173800468444824219e+00,8.049766540527343750e+00,7.466324329376220703e+00,6.955141544342041016e+00,7.713261604309082031e+00,5.007616519927978516e+00,7.507867813110351562e+00,1.306900215148925781e+01,8.708479881286621094e+00,9.832778930664062500e+00,1.109310722351074219e+01
8.176037788391113281e+00,8.064058303833007812e+00,7.480287075042724609e+00,6.956037998199462891e+00,7.705377101898193359e+00,5.024653434753417969e+00,7.503241062164306641e+00,1.306477069854736328e+01,8.717074394226074219e+00,9.833663940429687500e+00,1.110075378417968750e+01
8.153536796569824219e+00,8.049536705017089844e+00,7.481612682342529297e+00,6.969230175018310547e+00,7.693918704986572266e+00,5.022510528564453125e+00,7.488848209381103516e+00,1.304095172882080078e+01,8.724053382873535156e+00,9.825881958007812500e+00,1.109297561645507812e+01
8.149126052856445312e+00,8.034111976623535156e+00,7.486312389373779297e+00,6.961596965789794922e+00,7.668915271759033203e+00,5.023788928985595703e+00,7.479886531829833984e+00,1.303565311431884766e+01,8.723251342773437500e+00,9.819044113159179688e+00,1.108304786682128906e+01
9.107653617858886719e+00,6.990021228790283203e+00,7.236083507537841797e+00,5.231846332550048828e+00,7.074573993682861328e+00,5.759976863861083984e+00,1.027626228332519531e+01,1.307784843444824219e+01,8.409500122070312500e+00,1.171580505371093750e+01,1.197125053405761719e+01
9.171847343444824219e+00,7.063360691070556641e+00,7.310327529907226562e+00,5.310366153717041016e+00,7.229138851165771484e+00,5.839672088623046875e+00,1.050975799560546875e+01,1.318149471282958984e+01,8.482417106628417969e+00,1.182016563415527344e+01,1.204637908935546875e+01
9.139287948608398438e+00,7.010001182556152344e+00,7.238355159759521484e+00,5.297237873077392578e+00,7.136418342590332031e+00,5.762889862060546875e+00,1.037394523620605469e+01,1.312178516387939453e+01,8.397666931152343750e+00,1.178063392639160156e+01,1.202371788024902344e+01
9.045335769653320312e+00,6.983511447906494141e+00,7.192633628845214844e+00,5.150025844573974609e+00,6.970448017120361328e+00,5.719632625579833984e+00,1.001295089721679688e+01,1.302816295623779297e+01,8.341799736022949219e+00,1.162500572204589844e+01,1.190442848205566406e+01
9.051982879638671875e+00,6.960287570953369141e+00,7.157062053680419922e+00,5.150568962097167969e+00,6.992008686065673828e+00,5.690649986267089844e+00,1.005411529541015625e+01,1.302503681182861328e+01,8.324205398559570312e+00,1.163168144226074219e+01,1.189385032653808594e+01
9.094736099243164062e+00,6.966202735900878906e+00,7.161714553833007812e+00,5.194710254669189453e+00,7.078381061553955078e+00,5.678746700286865234e+00,1.022938728332519531e+01,1.306116771697998047e+01,8.334889411926269531e+00,1.172585868835449219e+01,1.196931648254394531e+01
9.041504859924316406e+00,6.934070110321044922e+00,7.177606582641601562e+00,5.155803203582763672e+00,7.019275665283203125e+00,5.693586349487304688e+00,1.012643241882324219e+01,1.301521205902099609e+01,8.336577415466308594e+00,1.166011810302734375e+01,1.190393447875976562e+01
9.071452140808105469e+00,6.966516971588134766e+00,7.170230865478515625e+00,5.147569179534912109e+00,7.021216869354248047e+00,5.679747104644775391e+00,1.012733459472656250e+01,1.301931190490722656e+01,8.346781730651855469e+00,1.165643119812011719e+01,1.192122268676757812e+01
9.065959930419921875e+00,6.942018985748291016e+00,7.150513172149658203e+00,5.147113323211669922e+00,7.007619380950927734e+00,5.667993545532226562e+00,1.009323692321777344e+01,1.302995014190673828e+01,8.337529182434082031e+00,1.167267799377441406e+01,1.191396141052246094e+01
9.062797546386718750e+00,6.985880374908447266e+00,7.158109188079833984e+00,5.142504215240478516e+00,7.028596401214599609e+00,5.646488189697265625e+00,1.011863136291503906e+01,1.301948642730712891e+01,8.323502540588378906e+00,1.163578796386718750e+01,1.192133331298828125e+01
