7.356898784637451172e+00,8.061567306518554688e+00,1.843113541603088379e+00,7.420663356781005859e+00,3.513063669204711914e+00,5.435649871826171875e+00,6.151399612426757812e+00,8.699450492858886719e+00,1.222570800781250000e+01,8.999081611633300781e+00,9.499264717102050781e+00,1.053636741638183594e+01
7.400914669036865234e+00,8.088783264160156250e+00,2.008498430252075195e+00,7.450893402099609375e+00,3.551974534988403320e+00,5.437508583068847656e+00,6.116666316986083984e+00,8.650829315185546875e+00,1.225931835174560547e+01,9.005705833435058594e+00,9.547859191894531250e+00,1.056319999694824219e+01
7.377719402313232422e+00,8.069215774536132812e+00,1.463875770568847656e+00,7.614484786987304688e+00,3.610394477844238281e+00,5.417141914367675781e+00,6.143936157226562500e+00,8.829286575317382812e+00,1.225261020660400391e+01,9.131570816040039062e+00,9.577246665954589844e+00,1.056753730773925781e+01
7.375593662261962891e+00,8.058997154235839844e+00,1.562998175621032715e+00,7.623960494995117188e+00,3.607639312744140625e+00,5.400514602661132812e+00,6.153817176818847656e+00,8.838506698608398438e+00,1.229519557952880859e+01,9.114822387695312500e+00,9.566392898559570312e+00,1.056091117858886719e+01
7.372690677642822266e+00,8.009366035461425781e+00,1.694846034049987793e+00,7.366434574127197266e+00,3.390814542770385742e+00,5.420854568481445312e+00,6.080376625061035156e+00,8.552871704101562500e+00,1.213362407684326172e+01,8.926109313964843750e+00,9.470293045043945312e+00,1.049787807464599609e+01
7.456963539123535156e+00,7.933094024658203125e+00,1.890516281127929688e+00,7.467926025390625000e+00,3.498672723770141602e+00,5.445526599884033203e+00,5.876597404479980469e+00,8.400913238525390625e+00,1.218846988677978516e+01,8.988389968872070312e+00,9.610033035278320312e+00,1.063095378875732422e+01
7.331402301788330078e+00,8.027193069458007812e+00,1.419324517250061035e+00,7.350605487823486328e+00,3.350366830825805664e+00,5.458232879638671875e+00,6.072426319122314453e+00,8.657136917114257812e+00,1.207739925384521484e+01,8.913318634033203125e+00,9.424077987670898438e+00,1.050509452819824219e+01
7.350128650665283203e+00,8.095825195312500000e+00,1.337990403175354004e+00,7.424410820007324219e+00,3.423678874969482422e+00,5.579328536987304688e+00,6.074498176574707031e+00,8.878273963928222656e+00,1.213602924346923828e+01,8.999044418334960938e+00,9.422270774841308594e+00,1.060399341583251953e+01
7.356604576110839844e+00,8.077318191528320312e+00,1.298908352851867676e+00,7.465680599212646484e+00,3.449172496795654297e+00,5.582534313201904297e+00,5.975312232971191406e+00,8.949010848999023438e+00,1.216392326354980469e+01,9.054080009460449219e+00,9.416006088256835938e+00,1.062522888183593750e+01
7.378615379333496094e+00,7.959152698516845703e+00,1.326809287071228027e+00,7.346700668334960938e+00,3.295521259307861328e+00,5.473659038543701172e+00,5.975536823272705078e+00,8.469068527221679688e+00,1.205731391906738281e+01,8.860692977905273438e+00,9.418600082397460938e+00,1.046433162689208984e+01
7.781115055084228516e+00,8.588912963867187500e+00,2.032516717910766602e+00,7.690437316894531250e+00,3.743939399719238281e+00,6.748918056488037109e+00,6.255816459655761719e+00,8.747022628784179688e+00,1.256620597839355469e+01,9.109058380126953125e+00,9.790399551391601562e+00,1.080396461486816406e+01
7.673280239105224609e+00,8.299724578857421875e+00,1.677348732948303223e+00,7.725280761718750000e+00,3.702162981033325195e+00,5.876225471496582031e+00,6.215336799621582031e+00,8.814539909362792969e+00,1.252166271209716797e+01,9.131925582885742188e+00,9.777383804321289062e+00,1.071594429016113281e+01
7.738561630249023438e+00,8.656745910644531250e+00,2.264385700225830078e+00,7.671118736267089844e+00,3.757463932037353516e+00,7.623135566711425781e+00,6.529366493225097656e+00,8.944997787475585938e+00,1.245427417755126953e+01,9.173946380615234375e+00,9.634683609008789062e+00,1.073789596557617188e+01
7.818364620208740234e+00,8.638635635375976562e+00,2.335310220718383789e+00,7.649637222290039062e+00,3.749141454696655273e+00,7.631515502929687500e+00,6.473184108734130859e+00,8.983386993408203125e+00,1.245308208465576172e+01,9.157163619995117188e+00,9.666021347045898438e+00,1.073824501037597656e+01
7.729886531829833984e+00,8.633705139160156250e+00,2.259643316268920898e+00,7.662136554718017578e+00,3.743669986724853516e+00,7.421110630035400391e+00,6.496100902557373047e+00,8.935837745666503906e+00,1.244480228424072266e+01,9.159794807434082031e+00,9.621177673339843750e+00,1.072357463836669922e+01
7.721359729766845703e+00,8.743816375732421875e+00,2.268265962600708008e+00,7.725373268127441406e+00,3.791686058044433594e+00,7.727940082550048828e+00,6.546093940734863281e+00,8.957259178161621094e+00,1.248833179473876953e+01,9.175260543823242188e+00,9.644462585449218750e+00,1.075587081909179688e+01
7.756840229034423828e+00,8.566629409790039062e+00,2.152429103851318359e+00,7.638481140136718750e+00,3.723558187484741211e+00,6.893828392028808594e+00,6.364385604858398438e+00,8.916193962097167969e+00,1.245539760589599609e+01,9.103178024291992188e+00,9.681241035461425781e+00,1.071928024291992188e+01
7.731927871704101562e+00,8.610746383666992188e+00,2.224461078643798828e+00,7.653311252593994141e+00,3.779254913330078125e+00,6.977877140045166016e+00,6.390837669372558594e+00,8.870338439941406250e+00,1.247080707550048828e+01,9.108232498168945312e+00,9.674316406250000000e+00,1.073289203643798828e+01
7.785097599029541016e+00,8.621591567993164062e+00,2.292621612548828125e+00,7.617889404296875000e+00,3.779178380966186523e+00,7.422122478485107422e+00,6.445978164672851562e+00,8.908763885498046875e+00,1.246020126342773438e+01,9.116296768188476562e+00,9.660254478454589844e+00,1.073673343658447266e+01
7.787751197814941406e+00,8.532658576965332031e+00,2.000471830368041992e+00,7.620246410369873047e+00,3.677439451217651367e+00,6.824947834014892578e+00,6.286940574645996094e+00,8.915899276733398438e+00,1.244604396820068359e+01,9.055509567260742188e+00,9.711368560791015625e+00,1.068877410888671875e+01
7.968351840972900391e+00,7.448750495910644531e+00,1.113737583160400391e+00,4.201781749725341797e+00,5.234986782073974609e+00,6.933059692382812500e+00,3.534001111984252930e+00,8.198425292968750000e+00,7.232924461364746094e+00,6.964728355407714844e+00,8.923217773437500000e+00,1.103131866455078125e+01
8.008103370666503906e+00,7.466479778289794922e+00,1.580288648605346680e+00,4.256050586700439453e+00,5.226246833801269531e+00,6.868524074554443359e+00,3.517918348312377930e+00,8.234319686889648438e+00,7.100362777709960938e+00,6.947795391082763672e+00,8.982375144958496094e+00,1.107788276672363281e+01
7.956066131591796875e+00,7.445900440216064453e+00,1.345287442207336426e+00,4.176837444305419922e+00,5.244188308715820312e+00,6.757120609283447266e+00,3.482173204421997070e+00,8.208745956420898438e+00,7.000799179077148438e+00,6.895619392395019531e+00,8.939832687377929688e+00,1.103376770019531250e+01
8.015193939208984375e+00,7.429959297180175781e+00,1.538269400596618652e+00,4.347651958465576172e+00,5.084605216979980469e+00,7.011893272399902344e+00,3.579256772994995117e+00,8.244948387145996094e+00,7.252687454223632812e+00,6.972002983093261719e+00,8.993264198303222656e+00,1.110621929168701172e+01
7.932059764862060547e+00,7.409363746643066406e+00,1.159763813018798828e+00,4.114510536193847656e+00,5.147770881652832031e+00,6.725534439086914062e+00,3.453991889953613281e+00,8.150852203369140625e+00,7.082750320434570312e+00,6.877941131591796875e+00,8.858692169189453125e+00,1.092389488220214844e+01
7.920348167419433594e+00,7.447140693664550781e+00,1.221226692199707031e+00,4.099317550659179688e+00,5.191226482391357422e+00,6.675836563110351562e+00,3.438699007034301758e+00,8.090245246887207031e+00,7.021260738372802734e+00,6.865501403808593750e+00,8.857929229736328125e+00,1.092479896545410156e+01
8.062750816345214844e+00,7.478734493255615234e+00,1.187927961349487305e+00,4.299290657043457031e+00,5.322012424468994141e+00,7.047017097473144531e+00,3.590924024581909180e+00,8.524177551269531250e+00,7.149418354034423828e+00,7.043466567993164062e+00,9.109138488769531250e+00,1.124801540374755859e+01
7.991290092468261719e+00,7.502821922302246094e+00,1.469494938850402832e+00,4.257765293121337891e+00,5.147046089172363281e+00,6.851904869079589844e+00,3.540256738662719727e+00,8.177928924560546875e+00,7.168755531311035156e+00,6.913982391357421875e+00,8.887461662292480469e+00,1.102082443237304688e+01
7.822390079498291016e+00,7.281414031982421875e+00,1.146951556205749512e+00,4.027388095855712891e+00,5.023713111877441406e+00,6.597086429595947266e+00,3.356086015701293945e+00,7.992018222808837891e+00,6.990731239318847656e+00,6.779568672180175781e+00,8.738920211791992188e+00,1.073272132873535156e+01
7.944701194763183594e+00,7.316202640533447266e+00,1.499464392662048340e+00,4.189828395843505859e+00,5.060682296752929688e+00,6.841923713684082031e+00,3.459412574768066406e+00,8.129281044006347656e+00,7.088844299316406250e+00,6.926769256591796875e+00,8.884544372558593750e+00,1.095239830017089844e+01
9.135896682739257812e+00,9.097529411315917969e+00,2.230801105499267578e+00,8.722597122192382812e+00,6.403064727783203125e+00,7.653876304626464844e+00,7.998888015747070312e+00,7.494586944580078125e+00,1.248043632507324219e+01,9.666528701782226562e+00,1.115035247802734375e+01,1.284587764739990234e+01
9.116752624511718750e+00,9.106526374816894531e+00,2.130336523056030273e+00,8.724603652954101562e+00,6.395569801330566406e+00,7.657412528991699219e+00,8.001481056213378906e+00,7.498466491699218750e+00,1.248185825347900391e+01,9.679227828979492188e+00,1.117158699035644531e+01,1.286912822723388672e+01
9.051073074340820312e+00,9.057501792907714844e+00,2.212251424789428711e+00,8.713433265686035156e+00,6.362076759338378906e+00,7.618589878082275391e+00,8.028138160705566406e+00,7.461362361907958984e+00,1.242527580261230469e+01,9.660957336425781250e+00,1.115582847595214844e+01,1.287987518310546875e+01
9.096967697143554688e+00,8.979090690612792969e+00,1.985658049583435059e+00,8.730627059936523438e+00,6.302333831787109375e+00,7.595084667205810547e+00,8.034589767456054688e+00,7.483769416809082031e+00,1.242396163940429688e+01,9.634202957153320312e+00,1.118400669097900391e+01,1.282669639587402344e+01
9.086988449096679688e+00,9.082366943359375000e+00,2.417373657226562500e+00,8.754608154296875000e+00,6.410569190979003906e+00,7.657519817352294922e+00,8.040383338928222656e+00,7.527333259582519531e+00,1.248873424530029297e+01,9.647532463073730469e+00,1.111643218994140625e+01,1.286641216278076172e+01
9.182888031005859375e+00,8.952890396118164062e+00,2.396117210388183594e+00,8.775346755981445312e+00,6.371698379516601562e+00,7.640545845031738281e+00,7.907250404357910156e+00,7.516380786895751953e+00,1.247421550750732422e+01,9.712128639221191406e+00,1.113882446289062500e+01,1.287038135528564453e+01
9.115980148315429688e+00,8.969263076782226562e+00,2.441984653472900391e+00,8.798512458801269531e+00,6.372697353363037109e+00,7.648346424102783203e+00,7.954165458679199219e+00,7.504300117492675781e+00,1.243391132354736328e+01,9.701942443847656250e+00,1.113776206970214844e+01,1.289368629455566406e+01
9.097943305969238281e+00,8.974034309387207031e+00,2.542386293411254883e+00,8.735269546508789062e+00,6.346162796020507812e+00,7.643110275268554688e+00,7.973840713500976562e+00,7.564504146575927734e+00,1.246163654327392578e+01,9.694043159484863281e+00,1.114609527587890625e+01,1.294757175445556641e+01
9.191337585449218750e+00,8.980505943298339844e+00,2.544432401657104492e+00,8.772965431213378906e+00,6.342274665832519531e+00,7.688103675842285156e+00,7.991535663604736328e+00,7.616326808929443359e+00,1.253109836578369141e+01,9.676988601684570312e+00,1.110886192321777344e+01,1.292634391784667969e+01
9.166145324707031250e+00,9.048090934753417969e+00,2.564323186874389648e+00,8.705397605895996094e+00,6.385375022888183594e+00,7.712590217590332031e+00,7.960923671722412109e+00,7.648494720458984375e+00,1.249589252471923828e+01,9.671566009521484375e+00,1.110076427459716797e+01,1.285406684875488281e+01
7.988466739654541016e+00,6.959658622741699219e+00,1.928620338439941406e+00,7.669215679168701172e+00,6.897310256958007812e+00,7.024668693542480469e+00,5.000830650329589844e+00,6.663337230682373047e+00,1.243830108642578125e+01,9.635617256164550781e+00,9.575223922729492188e+00,1.066794586181640625e+01
8.040207862854003906e+00,7.029449462890625000e+00,2.151284694671630859e+00,7.740342140197753906e+00,7.070740222930908203e+00,7.006444931030273438e+00,5.123604774475097656e+00,6.740545749664306641e+00,1.245618343353271484e+01,9.723341941833496094e+00,9.578848838806152344e+00,1.072272491455078125e+01
8.070048332214355469e+00,7.044494628906250000e+00,2.199760675430297852e+00,7.719664096832275391e+00,7.032162666320800781e+00,6.992162227630615234e+00,4.940522670745849609e+00,6.746659278869628906e+00,1.241531276702880859e+01,9.695066452026367188e+00,9.545550346374511719e+00,1.065824127197265625e+01
7.905233860015869141e+00,7.022047042846679688e+00,1.718471407890319824e+00,7.397756576538085938e+00,6.667965888977050781e+00,6.822508811950683594e+00,5.045666217803955078e+00,6.648066043853759766e+00,1.230298137664794922e+01,9.381362915039062500e+00,9.338031768798828125e+00,1.046467018127441406e+01
8.244375228881835938e+00,7.154321193695068359e+00,2.564872503280639648e+00,7.624661445617675781e+00,6.969254970550537109e+00,6.965734958648681641e+00,4.847628593444824219e+00,6.755274295806884766e+00,1.249276351928710938e+01,9.664045333862304688e+00,9.604125976562500000e+00,1.072492218017578125e+01
7.981759071350097656e+00,7.136755466461181641e+00,1.880684494972229004e+00,7.461853981018066406e+00,6.793637752532958984e+00,6.857275962829589844e+00,4.983804225921630859e+00,6.688567161560058594e+00,1.229046440124511719e+01,9.448534011840820312e+00,9.404435157775878906e+00,1.050454902648925781e+01
8.003709793090820312e+00,7.206184387207031250e+00,2.034305572509765625e+00,7.417904853820800781e+00,6.718098640441894531e+00,6.768583774566650391e+00,4.936047554016113281e+00,6.700773239135742188e+00,1.230741882324218750e+01,9.352513313293457031e+00,9.333915710449218750e+00,1.045273494720458984e+01
8.030096054077148438e+00,7.231913566589355469e+00,2.092985391616821289e+00,7.413646697998046875e+00,6.810110569000244141e+00,6.728589057922363281e+00,4.979767799377441406e+00,6.682791709899902344e+00,1.229670333862304688e+01,9.400756835937500000e+00,9.378370285034179688e+00,1.050887107849121094e+01
8.377266883850097656e+00,7.671336650848388672e+00,2.242302179336547852e+00,7.270384788513183594e+00,5.955203056335449219e+00,6.622327804565429688e+00,4.736355781555175781e+00,7.526079654693603516e+00,1.273947620391845703e+01,8.696397781372070312e+00,9.605767250061035156e+00,1.065928840637207031e+01
8.046970367431640625e+00,7.050701618194580078e+00,2.174430847167968750e+00,7.625182628631591797e+00,6.861710548400878906e+00,6.989051818847656250e+00,4.857537269592285156e+00,6.726405620574951172e+00,1.241821575164794922e+01,9.534567832946777344e+00,9.521280288696289062e+00,1.058276176452636719e+01
7.926503658294677734e+00,6.369699478149414062e+00,2.758692026138305664e+00,7.310153484344482422e+00,6.675491333007812500e+00,7.454951763153076172e+00,5.066715240478515625e+00,6.945774555206298828e+00,1.256052589416503906e+01,9.697579383850097656e+00,9.586860656738281250e+00,1.077680206298828125e+01
7.903955936431884766e+00,6.250776290893554688e+00,2.683225870132446289e+00,7.309651851654052734e+00,6.679078102111816406e+00,7.472223758697509766e+00,4.996188163757324219e+00,6.963944911956787109e+00,1.256565570831298828e+01,9.723082542419433594e+00,9.607200622558593750e+00,1.076027679443359375e+01
7.907810688018798828e+00,6.450790405273437500e+00,2.803556680679321289e+00,7.245811939239501953e+00,6.657663345336914062e+00,7.278858184814453125e+00,4.995195388793945312e+00,6.848076820373535156e+00,1.254646587371826172e+01,9.545709609985351562e+00,9.448379516601562500e+00,1.067193984985351562e+01
7.818248748779296875e+00,6.294250488281250000e+00,2.508229970932006836e+00,7.290284633636474609e+00,6.615672111511230469e+00,7.362782478332519531e+00,4.921861648559570312e+00,6.881738185882568359e+00,1.251093006134033203e+01,9.681486129760742188e+00,9.450916290283203125e+00,1.062195396423339844e+01
7.895382881164550781e+00,6.179165840148925781e+00,2.670701980590820312e+00,7.218765258789062500e+00,6.333700180053710938e+00,7.290853500366210938e+00,4.648911476135253906e+00,6.860326290130615234e+00,1.243642139434814453e+01,9.474748611450195312e+00,9.442142486572265625e+00,1.061282539367675781e+01
7.750632286071777344e+00,6.006184101104736328e+00,2.322448968887329102e+00,7.022715568542480469e+00,6.188681125640869141e+00,7.226412773132324219e+00,4.849721431732177734e+00,6.718700408935546875e+00,1.234831237792968750e+01,9.421509742736816406e+00,9.364747047424316406e+00,1.058304500579833984e+01
7.759038448333740234e+00,6.072595119476318359e+00,2.262613058090209961e+00,7.177213668823242188e+00,6.343453884124755859e+00,7.301932334899902344e+00,4.770289897918701172e+00,6.773437023162841797e+00,1.234822368621826172e+01,9.572741508483886719e+00,9.331996917724609375e+00,1.054517459869384766e+01
7.738968849182128906e+00,6.085500717163085938e+00,2.201065301895141602e+00,7.208223342895507812e+00,6.389066696166992188e+00,7.318216323852539062e+00,4.837656497955322266e+00,6.758484363555908203e+00,1.235970592498779297e+01,9.627428054809570312e+00,9.340711593627929688e+00,1.055282783508300781e+01
7.766944885253906250e+00,6.145345687866210938e+00,2.334478378295898438e+00,7.075407981872558594e+00,6.292542457580566406e+00,7.261921882629394531e+00,4.860393524169921875e+00,6.710255146026611328e+00,1.238403320312500000e+01,9.469495773315429688e+00,9.417724609375000000e+00,1.055149841308593750e+01
7.846270084381103516e+00,6.162339210510253906e+00,2.727809906005859375e+00,7.144026279449462891e+00,6.251300811767578125e+00,7.202425479888916016e+00,4.601586341857910156e+00,6.851876735687255859e+00,1.239578342437744141e+01,9.303771972656250000e+00,9.365808486938476562e+00,1.053914928436279297e+01
7.860735416412353516e+00,6.877384185791015625e+00,2.035462617874145508e+00,7.136979103088378906e+00,6.699244499206542969e+00,7.015233993530273438e+00,5.069910526275634766e+00,6.579705715179443359e+00,1.249702548980712891e+01,9.355175971984863281e+00,9.240478515625000000e+00,1.041547393798828125e+01
7.773098468780517578e+00,6.669615268707275391e+00,2.641786813735961914e+00,6.803333759307861328e+00,6.159721851348876953e+00,6.599474906921386719e+00,4.729034423828125000e+00,6.553204059600830078e+00,1.235887622833251953e+01,8.780723571777343750e+00,9.100741386413574219e+00,1.031970977783203125e+01
7.835995197296142578e+00,6.824167251586914062e+00,2.270076751708984375e+00,7.040040969848632812e+00,6.489492893218994141e+00,6.988669395446777344e+00,4.943360328674316406e+00,6.555029392242431641e+00,1.240877532958984375e+01,9.195932388305664062e+00,9.243814468383789062e+00,1.033287429809570312e+01
7.862949848175048828e+00,6.718270301818847656e+00,2.320226430892944336e+00,6.656094551086425781e+00,5.843313217163085938e+00,6.528335571289062500e+00,4.305468082427978516e+00,6.463475227355957031e+00,1.220724010467529297e+01,8.664048194885253906e+00,9.158639907836914062e+00,1.020586872100830078e+01
7.824820995330810547e+00,6.735423088073730469e+00,2.130042791366577148e+00,6.833207607269287109e+00,6.124413967132568359e+00,6.598512649536132812e+00,4.733305454254150391e+00,6.524581909179687500e+00,1.230986690521240234e+01,8.822027206420898438e+00,9.275581359863281250e+00,1.041205501556396484e+01
7.788271427154541016e+00,6.665244102478027344e+00,2.036414146423339844e+00,6.955238342285156250e+00,6.157567024230957031e+00,6.688764095306396484e+00,4.603962898254394531e+00,6.528548717498779297e+00,1.219455432891845703e+01,8.945652961730957031e+00,9.174921035766601562e+00,1.018141841888427734e+01
7.887443065643310547e+00,6.650680065155029297e+00,1.948834300041198730e+00,6.776860237121582031e+00,5.825660705566406250e+00,6.570049762725830078e+00,4.490699768066406250e+00,6.512759208679199219e+00,1.221544456481933594e+01,8.737709999084472656e+00,9.193510055541992188e+00,1.029799556732177734e+01
7.945715427398681641e+00,6.775382995605468750e+00,2.032759189605712891e+00,6.964735031127929688e+00,5.781116008758544922e+00,6.579181671142578125e+00,4.824670791625976562e+00,6.787487983703613281e+00,1.242481327056884766e+01,8.765460968017578125e+00,9.308562278747558594e+00,1.045737648010253906e+01
7.904057025909423828e+00,7.012373924255371094e+00,2.241798400878906250e+00,6.913616180419921875e+00,5.594346046447753906e+00,6.418076992034912109e+00,4.554521560668945312e+00,6.560298442840576172e+00,1.217908573150634766e+01,8.849168777465820312e+00,9.439582824707031250e+00,1.041623497009277344e+01
8.257847785949707031e+00,7.074990272521972656e+00,2.377474308013916016e+00,6.876291275024414062e+00,5.251879215240478516e+00,6.553055286407470703e+00,4.999713897705078125e+00,7.665157794952392578e+00,1.253534698486328125e+01,8.706165313720703125e+00,9.877773284912109375e+00,1.085784149169921875e+01
8.367507934570312500e+00,8.041632652282714844e+00,2.693557024002075195e+00,7.340519428253173828e+00,6.755623817443847656e+00,7.788151741027832031e+00,4.878259181976318359e+00,7.509040355682373047e+00,1.303257846832275391e+01,8.585639953613281250e+00,9.815775871276855469e+00,1.104768371582031250e+01
8.329567909240722656e+00,7.988221645355224609e+00,2.656645536422729492e+00,7.341110706329345703e+00,6.781925201416015625e+00,7.745468616485595703e+00,4.883173942565917969e+00,7.509214401245117188e+00,1.299212074279785156e+01,8.597388267517089844e+00,9.783325195312500000e+00,1.100645637512207031e+01
8.200502395629882812e+00,7.798391342163085938e+00,2.576267242431640625e+00,7.324568271636962891e+00,6.767450332641601562e+00,7.638217449188232422e+00,4.791250228881835938e+00,7.384975433349609375e+00,1.290273189544677734e+01,8.630463600158691406e+00,9.690155982971191406e+00,1.090676307678222656e+01
8.289561271667480469e+00,7.970863819122314453e+00,2.680414676666259766e+00,7.355698585510253906e+00,6.759933948516845703e+00,7.749075889587402344e+00,4.854116439819335938e+00,7.487510204315185547e+00,1.296730136871337891e+01,8.576115608215332031e+00,9.737344741821289062e+00,1.099125862121582031e+01
8.207855224609375000e+00,7.778081893920898438e+00,2.580940008163452148e+00,7.327958583831787109e+00,6.768353462219238281e+00,7.638690471649169922e+00,4.791032791137695312e+00,7.369987964630126953e+00,1.290240764617919922e+01,8.647912979125976562e+00,9.683784484863281250e+00,1.091005039215087891e+01
8.233378410339355469e+00,7.831561088562011719e+00,2.580250978469848633e+00,7.323233127593994141e+00,6.771586418151855469e+00,7.643500328063964844e+00,4.807260990142822266e+00,7.400254249572753906e+00,1.290439891815185547e+01,8.632579803466796875e+00,9.683212280273437500e+00,1.091572570800781250e+01
8.200760841369628906e+00,7.783121109008789062e+00,2.589061737060546875e+00,7.322660446166992188e+00,6.757801055908203125e+00,7.640332698822021484e+00,4.785974502563476562e+00,7.378681659698486328e+00,1.291063594818115234e+01,8.625780105590820312e+00,9.678486824035644531e+00,1.092537689208984375e+01
8.224683761596679688e+00,7.853889465332031250e+00,2.624296188354492188e+00,7.328736782073974609e+00,6.756399154663085938e+00,7.666934967041015625e+00,4.807312965393066406e+00,7.414167404174804688e+00,1.292100334167480469e+01,8.602917671203613281e+00,9.691892623901367188e+00,1.092847537994384766e+01
8.260766029357910156e+00,7.905138015747070312e+00,2.632134437561035156e+00,7.348532676696777344e+00,6.756182670593261719e+00,7.714393615722656250e+00,4.878398418426513672e+00,7.487777233123779297e+00,1.294651126861572266e+01,8.602625846862792969e+00,9.680988311767578125e+00,1.094688796997070312e+01
8.251358985900878906e+00,7.911193847656250000e+00,2.649262189865112305e+00,7.325895309448242188e+00,6.749450683593750000e+00,7.709935665130615234e+00,4.843780040740966797e+00,7.475500106811523438e+00,1.294178104400634766e+01,8.593633651733398438e+00,9.685544967651367188e+00,1.095115089416503906e+01
9.185184478759765625e+00,6.795603275299072266e+00,2.640823841094970703e+00,7.116691589355468750e+00,5.065329551696777344e+00,7.023644924163818359e+00,5.674839973449707031e+00,1.015277194976806641e+01,1.291503047943115234e+01,8.255955696105957031e+00,1.159017753601074219e+01,1.175909996032714844e+01
9.208445549011230469e+00,6.858199596405029297e+00,2.633660316467285156e+00,7.126874923706054688e+00,5.057896614074707031e+00,7.022749900817871094e+00,5.673585891723632812e+00,1.014989089965820312e+01,1.293570804595947266e+01,8.276258468627929688e+00,1.159185981750488281e+01,1.179760551452636719e+01
9.179800033569335938e+00,6.803170680999755859e+00,2.746562719345092773e+00,7.080830574035644531e+00,5.011631011962890625e+00,6.966667652130126953e+00,5.624512672424316406e+00,1.001896476745605469e+01,1.289654636383056641e+01,8.222157478332519531e+00,1.148339080810546875e+01,1.171753025054931641e+01
9.163642883300781250e+00,6.759389400482177734e+00,2.690263509750366211e+00,7.107781410217285156e+00,5.051129341125488281e+00,7.025365829467773438e+00,5.679725170135498047e+00,1.007041454315185547e+01,1.290729141235351562e+01,8.215091705322265625e+00,1.151645278930664062e+01,1.171482563018798828e+01
9.163719177246093750e+00,6.762195587158203125e+00,2.796066761016845703e+00,7.043794631958007812e+00,5.006709575653076172e+00,6.909291267395019531e+00,5.715884208679199219e+00,9.968149185180664062e+00,1.287320995330810547e+01,8.140638351440429688e+00,1.139519309997558594e+01,1.165140724182128906e+01
9.206624984741210938e+00,6.835129737854003906e+00,2.728275060653686523e+00,7.088549613952636719e+00,5.039156913757324219e+00,6.943213462829589844e+00,5.642440795898437500e+00,1.011115074157714844e+01,1.288695621490478516e+01,8.248894691467285156e+00,1.154591751098632812e+01,1.175254058837890625e+01
9.181571960449218750e+00,6.754966735839843750e+00,2.686366558074951172e+00,7.078139305114746094e+00,5.045759201049804688e+00,7.000999927520751953e+00,5.657196998596191406e+00,1.006294918060302734e+01,1.287770366668701172e+01,8.196622848510742188e+00,1.153946876525878906e+01,1.174117469787597656e+01
9.165122032165527344e+00,6.803396701812744141e+00,2.672452211380004883e+00,7.097790241241455078e+00,5.035225868225097656e+00,6.968863487243652344e+00,5.676261901855468750e+00,1.009764099121093750e+01,1.289960765838623047e+01,8.237364768981933594e+00,1.153369331359863281e+01,1.173008632659912109e+01
9.167055130004882812e+00,6.768719196319580078e+00,2.862657785415649414e+00,7.018231868743896484e+00,4.988833427429199219e+00,6.919047355651855469e+00,5.631129264831542969e+00,9.946201324462890625e+00,1.285421180725097656e+01,8.160569190979003906e+00,1.146115684509277344e+01,1.166045570373535156e+01
9.177677154541015625e+00,6.877212524414062500e+00,2.650310754776000977e+00,7.125589847564697266e+00,5.045783519744873047e+00,6.957192420959472656e+00,5.687337875366210938e+00,1.011665344238281250e+01,1.289518451690673828e+01,8.269143104553222656e+00,1.158567047119140625e+01,1.175521659851074219e+01
